--------------------z=0--------------------
-0.00023 -0.00023 -0.00024 -0.00025 -0.00027 -0.00029 -0.00032 -0.00035 -0.00038 -0.00040 -0.00044 -0.00046 -0.00048 -0.00049 -0.00051 -0.00051 -0.00051 -0.00049 -0.00048 -0.00046 -0.00044 -0.00040 -0.00038 -0.00035 -0.00032 -0.00029 -0.00027 -0.00025 -0.00024 -0.00023 -0.00023 
-0.00023 -0.00023 -0.00024 -0.00026 -0.00027 -0.00030 -0.00032 -0.00035 -0.00038 -0.00041 -0.00044 -0.00047 -0.00049 -0.00051 -0.00051 -0.00052 -0.00051 -0.00051 -0.00049 -0.00047 -0.00044 -0.00041 -0.00038 -0.00035 -0.00032 -0.00030 -0.00027 -0.00026 -0.00024 -0.00023 -0.00023 
-0.00024 -0.00024 -0.00025 -0.00026 -0.00029 -0.00031 -0.00034 -0.00037 -0.00040 -0.00043 -0.00046 -0.00049 -0.00051 -0.00053 -0.00054 -0.00054 -0.00054 -0.00053 -0.00051 -0.00049 -0.00046 -0.00043 -0.00040 -0.00037 -0.00034 -0.00031 -0.00029 -0.00026 -0.00025 -0.00024 -0.00024 
-0.00025 -0.00026 -0.00026 -0.00028 -0.00030 -0.00033 -0.00036 -0.00039 -0.00043 -0.00046 -0.00049 -0.00053 -0.00055 -0.00057 -0.00058 -0.00059 -0.00058 -0.00057 -0.00055 -0.00053 -0.00049 -0.00046 -0.00043 -0.00039 -0.00036 -0.00033 -0.00030 -0.00028 -0.00026 -0.00026 -0.00025 
-0.00027 -0.00027 -0.00029 -0.00030 -0.00033 -0.00035 -0.00039 -0.00043 -0.00047 -0.00050 -0.00054 -0.00057 -0.00061 -0.00062 -0.00064 -0.00064 -0.00064 -0.00062 -0.00061 -0.00057 -0.00054 -0.00050 -0.00047 -0.00043 -0.00039 -0.00035 -0.00033 -0.00030 -0.00029 -0.00027 -0.00027 
-0.00029 -0.00030 -0.00031 -0.00033 -0.00035 -0.00039 -0.00043 -0.00047 -0.00051 -0.00056 -0.00060 -0.00064 -0.00067 -0.00069 -0.00070 -0.00071 -0.00070 -0.00069 -0.00067 -0.00064 -0.00060 -0.00056 -0.00051 -0.00047 -0.00043 -0.00039 -0.00035 -0.00033 -0.00031 -0.00030 -0.00029 
-0.00032 -0.00032 -0.00034 -0.00036 -0.00039 -0.00043 -0.00047 -0.00052 -0.00057 -0.00061 -0.00067 -0.00071 -0.00075 -0.00077 -0.00079 -0.00079 -0.00079 -0.00077 -0.00075 -0.00071 -0.00067 -0.00061 -0.00057 -0.00052 -0.00047 -0.00043 -0.00039 -0.00036 -0.00034 -0.00032 -0.00032 
-0.00035 -0.00035 -0.00037 -0.00039 -0.00043 -0.00047 -0.00052 -0.00057 -0.00063 -0.00069 -0.00074 -0.00079 -0.00083 -0.00086 -0.00088 -0.00089 -0.00088 -0.00086 -0.00083 -0.00079 -0.00074 -0.00069 -0.00063 -0.00057 -0.00052 -0.00047 -0.00043 -0.00039 -0.00037 -0.00035 -0.00035 
-0.00038 -0.00038 -0.00040 -0.00043 -0.00047 -0.00051 -0.00057 -0.00063 -0.00069 -0.00075 -0.00082 -0.00087 -0.00092 -0.00095 -0.00098 -0.00098 -0.00098 -0.00095 -0.00092 -0.00087 -0.00082 -0.00075 -0.00069 -0.00063 -0.00057 -0.00051 -0.00047 -0.00043 -0.00040 -0.00038 -0.00038 
-0.00040 -0.00041 -0.00043 -0.00046 -0.00050 -0.00056 -0.00061 -0.00069 -0.00075 -0.00083 -0.00089 -0.00096 -0.00100 -0.00105 -0.00107 -0.00108 -0.00107 -0.00105 -0.00100 -0.00096 -0.00089 -0.00083 -0.00075 -0.00069 -0.00061 -0.00056 -0.00050 -0.00046 -0.00043 -0.00041 -0.00040 
-0.00044 -0.00044 -0.00046 -0.00049 -0.00054 -0.00060 -0.00067 -0.00074 -0.00082 -0.00089 -0.00097 -0.00103 -0.00110 -0.00114 -0.00117 -0.00117 -0.00117 -0.00114 -0.00110 -0.00103 -0.00097 -0.00089 -0.00082 -0.00074 -0.00067 -0.00060 -0.00054 -0.00049 -0.00046 -0.00044 -0.00044 
-0.00046 -0.00047 -0.00049 -0.00053 -0.00057 -0.00064 -0.00071 -0.00079 -0.00087 -0.00096 -0.00103 -0.00111 -0.00117 -0.00123 -0.00125 -0.00127 -0.00125 -0.00123 -0.00117 -0.00111 -0.00103 -0.00096 -0.00087 -0.00079 -0.00071 -0.00064 -0.00057 -0.00053 -0.00049 -0.00047 -0.00046 
-0.00048 -0.00049 -0.00051 -0.00055 -0.00061 -0.00067 -0.00075 -0.00083 -0.00092 -0.00100 -0.00110 -0.00117 -0.00125 -0.00129 -0.00133 -0.00133 -0.00133 -0.00129 -0.00125 -0.00117 -0.00110 -0.00100 -0.00092 -0.00083 -0.00075 -0.00067 -0.00061 -0.00055 -0.00051 -0.00049 -0.00048 
-0.00049 -0.00051 -0.00053 -0.00057 -0.00062 -0.00069 -0.00077 -0.00086 -0.00095 -0.00105 -0.00114 -0.00123 -0.00129 -0.00135 -0.00138 -0.00140 -0.00138 -0.00135 -0.00129 -0.00123 -0.00114 -0.00105 -0.00095 -0.00086 -0.00077 -0.00069 -0.00062 -0.00057 -0.00053 -0.00051 -0.00049 
-0.00051 -0.00051 -0.00054 -0.00058 -0.00064 -0.00070 -0.00079 -0.00088 -0.00098 -0.00107 -0.00117 -0.00125 -0.00133 -0.00138 -0.00142 -0.00143 -0.00142 -0.00138 -0.00133 -0.00125 -0.00117 -0.00107 -0.00098 -0.00088 -0.00079 -0.00070 -0.00064 -0.00058 -0.00054 -0.00051 -0.00051 
-0.00051 -0.00052 -0.00054 -0.00059 -0.00064 -0.00071 -0.00079 -0.00089 -0.00098 -0.00108 -0.00117 -0.00127 -0.00133 -0.00140 -0.00143 -0.00145 -0.00143 -0.00140 -0.00133 -0.00127 -0.00117 -0.00108 -0.00098 -0.00089 -0.00079 -0.00071 -0.00064 -0.00059 -0.00054 -0.00052 -0.00051 
-0.00051 -0.00051 -0.00054 -0.00058 -0.00064 -0.00070 -0.00079 -0.00088 -0.00098 -0.00107 -0.00117 -0.00125 -0.00133 -0.00138 -0.00142 -0.00143 -0.00142 -0.00138 -0.00133 -0.00125 -0.00117 -0.00107 -0.00098 -0.00088 -0.00079 -0.00070 -0.00064 -0.00058 -0.00054 -0.00051 -0.00051 
-0.00049 -0.00051 -0.00053 -0.00057 -0.00062 -0.00069 -0.00077 -0.00086 -0.00095 -0.00105 -0.00114 -0.00123 -0.00129 -0.00135 -0.00138 -0.00140 -0.00138 -0.00135 -0.00129 -0.00123 -0.00114 -0.00105 -0.00095 -0.00086 -0.00077 -0.00069 -0.00062 -0.00057 -0.00053 -0.00051 -0.00049 
-0.00048 -0.00049 -0.00051 -0.00055 -0.00061 -0.00067 -0.00075 -0.00083 -0.00092 -0.00100 -0.00110 -0.00117 -0.00125 -0.00129 -0.00133 -0.00133 -0.00133 -0.00129 -0.00125 -0.00117 -0.00110 -0.00100 -0.00092 -0.00083 -0.00075 -0.00067 -0.00061 -0.00055 -0.00051 -0.00049 -0.00048 
-0.00046 -0.00047 -0.00049 -0.00053 -0.00057 -0.00064 -0.00071 -0.00079 -0.00087 -0.00096 -0.00103 -0.00111 -0.00117 -0.00123 -0.00125 -0.00127 -0.00125 -0.00123 -0.00117 -0.00111 -0.00103 -0.00096 -0.00087 -0.00079 -0.00071 -0.00064 -0.00057 -0.00053 -0.00049 -0.00047 -0.00046 
-0.00044 -0.00044 -0.00046 -0.00049 -0.00054 -0.00060 -0.00067 -0.00074 -0.00082 -0.00089 -0.00097 -0.00103 -0.00110 -0.00114 -0.00117 -0.00117 -0.00117 -0.00114 -0.00110 -0.00103 -0.00097 -0.00089 -0.00082 -0.00074 -0.00067 -0.00060 -0.00054 -0.00049 -0.00046 -0.00044 -0.00044 
-0.00040 -0.00041 -0.00043 -0.00046 -0.00050 -0.00056 -0.00061 -0.00069 -0.00075 -0.00083 -0.00089 -0.00096 -0.00100 -0.00105 -0.00107 -0.00108 -0.00107 -0.00105 -0.00100 -0.00096 -0.00089 -0.00083 -0.00075 -0.00069 -0.00061 -0.00056 -0.00050 -0.00046 -0.00043 -0.00041 -0.00040 
-0.00038 -0.00038 -0.00040 -0.00043 -0.00047 -0.00051 -0.00057 -0.00063 -0.00069 -0.00075 -0.00082 -0.00087 -0.00092 -0.00095 -0.00098 -0.00098 -0.00098 -0.00095 -0.00092 -0.00087 -0.00082 -0.00075 -0.00069 -0.00063 -0.00057 -0.00051 -0.00047 -0.00043 -0.00040 -0.00038 -0.00038 
-0.00035 -0.00035 -0.00037 -0.00039 -0.00043 -0.00047 -0.00052 -0.00057 -0.00063 -0.00069 -0.00074 -0.00079 -0.00083 -0.00086 -0.00088 -0.00089 -0.00088 -0.00086 -0.00083 -0.00079 -0.00074 -0.00069 -0.00063 -0.00057 -0.00052 -0.00047 -0.00043 -0.00039 -0.00037 -0.00035 -0.00035 
-0.00032 -0.00032 -0.00034 -0.00036 -0.00039 -0.00043 -0.00047 -0.00052 -0.00057 -0.00061 -0.00067 -0.00071 -0.00075 -0.00077 -0.00079 -0.00079 -0.00079 -0.00077 -0.00075 -0.00071 -0.00067 -0.00061 -0.00057 -0.00052 -0.00047 -0.00043 -0.00039 -0.00036 -0.00034 -0.00032 -0.00032 
-0.00029 -0.00030 -0.00031 -0.00033 -0.00035 -0.00039 -0.00043 -0.00047 -0.00051 -0.00056 -0.00060 -0.00064 -0.00067 -0.00069 -0.00070 -0.00071 -0.00070 -0.00069 -0.00067 -0.00064 -0.00060 -0.00056 -0.00051 -0.00047 -0.00043 -0.00039 -0.00035 -0.00033 -0.00031 -0.00030 -0.00029 
-0.00027 -0.00027 -0.00029 -0.00030 -0.00033 -0.00035 -0.00039 -0.00043 -0.00047 -0.00050 -0.00054 -0.00057 -0.00061 -0.00062 -0.00064 -0.00064 -0.00064 -0.00062 -0.00061 -0.00057 -0.00054 -0.00050 -0.00047 -0.00043 -0.00039 -0.00035 -0.00033 -0.00030 -0.00029 -0.00027 -0.00027 
-0.00025 -0.00026 -0.00026 -0.00028 -0.00030 -0.00033 -0.00036 -0.00039 -0.00043 -0.00046 -0.00049 -0.00053 -0.00055 -0.00057 -0.00058 -0.00059 -0.00058 -0.00057 -0.00055 -0.00053 -0.00049 -0.00046 -0.00043 -0.00039 -0.00036 -0.00033 -0.00030 -0.00028 -0.00026 -0.00026 -0.00025 
-0.00024 -0.00024 -0.00025 -0.00026 -0.00029 -0.00031 -0.00034 -0.00037 -0.00040 -0.00043 -0.00046 -0.00049 -0.00051 -0.00053 -0.00054 -0.00054 -0.00054 -0.00053 -0.00051 -0.00049 -0.00046 -0.00043 -0.00040 -0.00037 -0.00034 -0.00031 -0.00029 -0.00026 -0.00025 -0.00024 -0.00024 
-0.00023 -0.00023 -0.00024 -0.00026 -0.00027 -0.00030 -0.00032 -0.00035 -0.00038 -0.00041 -0.00044 -0.00047 -0.00049 -0.00051 -0.00051 -0.00052 -0.00051 -0.00051 -0.00049 -0.00047 -0.00044 -0.00041 -0.00038 -0.00035 -0.00032 -0.00030 -0.00027 -0.00026 -0.00024 -0.00023 -0.00023 
-0.00023 -0.00023 -0.00024 -0.00025 -0.00027 -0.00029 -0.00032 -0.00035 -0.00038 -0.00040 -0.00044 -0.00046 -0.00048 -0.00049 -0.00051 -0.00051 -0.00051 -0.00049 -0.00048 -0.00046 -0.00044 -0.00040 -0.00038 -0.00035 -0.00032 -0.00029 -0.00027 -0.00025 -0.00024 -0.00023 -0.00023 
--------------------z=1--------------------
-0.00023 -0.00023 -0.00024 -0.00026 -0.00027 -0.00030 -0.00032 -0.00035 -0.00038 -0.00041 -0.00044 -0.00047 -0.00049 -0.00051 -0.00051 -0.00052 -0.00051 -0.00051 -0.00049 -0.00047 -0.00044 -0.00041 -0.00038 -0.00035 -0.00032 -0.00030 -0.00027 -0.00026 -0.00024 -0.00023 -0.00023 
-0.00023 -0.00023 -0.00024 -0.00026 -0.00028 -0.00030 -0.00033 -0.00036 -0.00039 -0.00042 -0.00045 -0.00047 -0.00050 -0.00051 -0.00053 -0.00052 -0.00053 -0.00051 -0.00050 -0.00047 -0.00045 -0.00042 -0.00039 -0.00036 -0.00033 -0.00030 -0.00028 -0.00026 -0.00024 -0.00023 -0.00023 
-0.00024 -0.00024 -0.00025 -0.00027 -0.00029 -0.00031 -0.00034 -0.00038 -0.00040 -0.00044 -0.00047 -0.00050 -0.00052 -0.00054 -0.00055 -0.00055 -0.00055 -0.00054 -0.00052 -0.00050 -0.00047 -0.00044 -0.00040 -0.00038 -0.00034 -0.00031 -0.00029 -0.00027 -0.00025 -0.00024 -0.00024 
-0.00026 -0.00026 -0.00027 -0.00028 -0.00031 -0.00033 -0.00037 -0.00040 -0.00044 -0.00047 -0.00051 -0.00053 -0.00056 -0.00058 -0.00059 -0.00059 -0.00059 -0.00058 -0.00056 -0.00053 -0.00051 -0.00047 -0.00044 -0.00040 -0.00037 -0.00033 -0.00031 -0.00028 -0.00027 -0.00026 -0.00026 
-0.00027 -0.00028 -0.00029 -0.00031 -0.00033 -0.00036 -0.00039 -0.00044 -0.00047 -0.00052 -0.00055 -0.00059 -0.00061 -0.00064 -0.00065 -0.00066 -0.00065 -0.00064 -0.00061 -0.00059 -0.00055 -0.00052 -0.00047 -0.00044 -0.00039 -0.00036 -0.00033 -0.00031 -0.00029 -0.00028 -0.00027 
-0.00030 -0.00030 -0.00031 -0.00033 -0.00036 -0.00039 -0.00044 -0.00048 -0.00052 -0.00057 -0.00061 -0.00065 -0.00068 -0.00070 -0.00072 -0.00072 -0.00072 -0.00070 -0.00068 -0.00065 -0.00061 -0.00057 -0.00052 -0.00048 -0.00044 -0.00039 -0.00036 -0.00033 -0.00031 -0.00030 -0.00030 
-0.00032 -0.00033 -0.00034 -0.00037 -0.00039 -0.00044 -0.00048 -0.00053 -0.00058 -0.00063 -0.00068 -0.00073 -0.00076 -0.00079 -0.00080 -0.00081 -0.00080 -0.00079 -0.00076 -0.00073 -0.00068 -0.00063 -0.00058 -0.00053 -0.00048 -0.00044 -0.00039 -0.00037 -0.00034 -0.00033 -0.00032 
-0.00035 -0.00036 -0.00038 -0.00040 -0.00044 -0.00048 -0.00053 -0.00058 -0.00064 -0.00070 -0.00076 -0.00080 -0.00085 -0.00088 -0.00090 -0.00090 -0.00090 -0.00088 -0.00085 -0.00080 -0.00076 -0.00070 -0.00064 -0.00058 -0.00053 -0.00048 -0.00044 -0.00040 -0.00038 -0.00036 -0.00035 
-0.00038 -0.00039 -0.00040 -0.00044 -0.00047 -0.00052 -0.00058 -0.00064 -0.00070 -0.00077 -0.00083 -0.00089 -0.00094 -0.00098 -0.00100 -0.00101 -0.00100 -0.00098 -0.00094 -0.00089 -0.00083 -0.00077 -0.00070 -0.00064 -0.00058 -0.00052 -0.00047 -0.00044 -0.00040 -0.00039 -0.00038 
-0.00041 -0.00042 -0.00044 -0.00047 -0.00052 -0.00057 -0.00063 -0.00070 -0.00077 -0.00084 -0.00092 -0.00098 -0.00104 -0.00107 -0.00110 -0.00111 -0.00110 -0.00107 -0.00104 -0.00098 -0.00092 -0.00084 -0.00077 -0.00070 -0.00063 -0.00057 -0.00052 -0.00047 -0.00044 -0.00042 -0.00041 
-0.00044 -0.00045 -0.00047 -0.00051 -0.00055 -0.00061 -0.00068 -0.00076 -0.00083 -0.00092 -0.00099 -0.00107 -0.00112 -0.00117 -0.00120 -0.00121 -0.00120 -0.00117 -0.00112 -0.00107 -0.00099 -0.00092 -0.00083 -0.00076 -0.00068 -0.00061 -0.00055 -0.00051 -0.00047 -0.00045 -0.00044 
-0.00047 -0.00047 -0.00050 -0.00053 -0.00059 -0.00065 -0.00073 -0.00080 -0.00089 -0.00098 -0.00107 -0.00114 -0.00121 -0.00125 -0.00129 -0.00130 -0.00129 -0.00125 -0.00121 -0.00114 -0.00107 -0.00098 -0.00089 -0.00080 -0.00073 -0.00065 -0.00059 -0.00053 -0.00050 -0.00047 -0.00047 
-0.00049 -0.00050 -0.00052 -0.00056 -0.00061 -0.00068 -0.00076 -0.00085 -0.00094 -0.00104 -0.00112 -0.00121 -0.00127 -0.00134 -0.00136 -0.00138 -0.00136 -0.00134 -0.00127 -0.00121 -0.00112 -0.00104 -0.00094 -0.00085 -0.00076 -0.00068 -0.00061 -0.00056 -0.00052 -0.00050 -0.00049 
-0.00051 -0.00051 -0.00054 -0.00058 -0.00064 -0.00070 -0.00079 -0.00088 -0.00098 -0.00107 -0.00117 -0.00125 -0.00134 -0.00139 -0.00143 -0.00143 -0.00143 -0.00139 -0.00134 -0.00125 -0.00117 -0.00107 -0.00098 -0.00088 -0.00079 -0.00070 -0.00064 -0.00058 -0.00054 -0.00051 -0.00051 
-0.00051 -0.00053 -0.00055 -0.00059 -0.00065 -0.00072 -0.00080 -0.00090 -0.00100 -0.00110 -0.00120 -0.00129 -0.00136 -0.00143 -0.00146 -0.00148 -0.00146 -0.00143 -0.00136 -0.00129 -0.00120 -0.00110 -0.00100 -0.00090 -0.00080 -0.00072 -0.00065 -0.00059 -0.00055 -0.00053 -0.00051 
-0.00052 -0.00052 -0.00055 -0.00059 -0.00066 -0.00072 -0.00081 -0.00090 -0.00101 -0.00111 -0.00121 -0.00130 -0.00138 -0.00143 -0.00148 -0.00148 -0.00148 -0.00143 -0.00138 -0.00130 -0.00121 -0.00111 -0.00101 -0.00090 -0.00081 -0.00072 -0.00066 -0.00059 -0.00055 -0.00052 -0.00052 
-0.00051 -0.00053 -0.00055 -0.00059 -0.00065 -0.00072 -0.00080 -0.00090 -0.00100 -0.00110 -0.00120 -0.00129 -0.00136 -0.00143 -0.00146 -0.00148 -0.00146 -0.00143 -0.00136 -0.00129 -0.00120 -0.00110 -0.00100 -0.00090 -0.00080 -0.00072 -0.00065 -0.00059 -0.00055 -0.00053 -0.00051 
-0.00051 -0.00051 -0.00054 -0.00058 -0.00064 -0.00070 -0.00079 -0.00088 -0.00098 -0.00107 -0.00117 -0.00125 -0.00134 -0.00139 -0.00143 -0.00143 -0.00143 -0.00139 -0.00134 -0.00125 -0.00117 -0.00107 -0.00098 -0.00088 -0.00079 -0.00070 -0.00064 -0.00058 -0.00054 -0.00051 -0.00051 
-0.00049 -0.00050 -0.00052 -0.00056 -0.00061 -0.00068 -0.00076 -0.00085 -0.00094 -0.00104 -0.00112 -0.00121 -0.00127 -0.00134 -0.00136 -0.00138 -0.00136 -0.00134 -0.00127 -0.00121 -0.00112 -0.00104 -0.00094 -0.00085 -0.00076 -0.00068 -0.00061 -0.00056 -0.00052 -0.00050 -0.00049 
-0.00047 -0.00047 -0.00050 -0.00053 -0.00059 -0.00065 -0.00073 -0.00080 -0.00089 -0.00098 -0.00107 -0.00114 -0.00121 -0.00125 -0.00129 -0.00130 -0.00129 -0.00125 -0.00121 -0.00114 -0.00107 -0.00098 -0.00089 -0.00080 -0.00073 -0.00065 -0.00059 -0.00053 -0.00050 -0.00047 -0.00047 
-0.00044 -0.00045 -0.00047 -0.00051 -0.00055 -0.00061 -0.00068 -0.00076 -0.00083 -0.00092 -0.00099 -0.00107 -0.00112 -0.00117 -0.00120 -0.00121 -0.00120 -0.00117 -0.00112 -0.00107 -0.00099 -0.00092 -0.00083 -0.00076 -0.00068 -0.00061 -0.00055 -0.00051 -0.00047 -0.00045 -0.00044 
-0.00041 -0.00042 -0.00044 -0.00047 -0.00052 -0.00057 -0.00063 -0.00070 -0.00077 -0.00084 -0.00092 -0.00098 -0.00104 -0.00107 -0.00110 -0.00111 -0.00110 -0.00107 -0.00104 -0.00098 -0.00092 -0.00084 -0.00077 -0.00070 -0.00063 -0.00057 -0.00052 -0.00047 -0.00044 -0.00042 -0.00041 
-0.00038 -0.00039 -0.00040 -0.00044 -0.00047 -0.00052 -0.00058 -0.00064 -0.00070 -0.00077 -0.00083 -0.00089 -0.00094 -0.00098 -0.00100 -0.00101 -0.00100 -0.00098 -0.00094 -0.00089 -0.00083 -0.00077 -0.00070 -0.00064 -0.00058 -0.00052 -0.00047 -0.00044 -0.00040 -0.00039 -0.00038 
-0.00035 -0.00036 -0.00038 -0.00040 -0.00044 -0.00048 -0.00053 -0.00058 -0.00064 -0.00070 -0.00076 -0.00080 -0.00085 -0.00088 -0.00090 -0.00090 -0.00090 -0.00088 -0.00085 -0.00080 -0.00076 -0.00070 -0.00064 -0.00058 -0.00053 -0.00048 -0.00044 -0.00040 -0.00038 -0.00036 -0.00035 
-0.00032 -0.00033 -0.00034 -0.00037 -0.00039 -0.00044 -0.00048 -0.00053 -0.00058 -0.00063 -0.00068 -0.00073 -0.00076 -0.00079 -0.00080 -0.00081 -0.00080 -0.00079 -0.00076 -0.00073 -0.00068 -0.00063 -0.00058 -0.00053 -0.00048 -0.00044 -0.00039 -0.00037 -0.00034 -0.00033 -0.00032 
-0.00030 -0.00030 -0.00031 -0.00033 -0.00036 -0.00039 -0.00044 -0.00048 -0.00052 -0.00057 -0.00061 -0.00065 -0.00068 -0.00070 -0.00072 -0.00072 -0.00072 -0.00070 -0.00068 -0.00065 -0.00061 -0.00057 -0.00052 -0.00048 -0.00044 -0.00039 -0.00036 -0.00033 -0.00031 -0.00030 -0.00030 
-0.00027 -0.00028 -0.00029 -0.00031 -0.00033 -0.00036 -0.00039 -0.00044 -0.00047 -0.00052 -0.00055 -0.00059 -0.00061 -0.00064 -0.00065 -0.00066 -0.00065 -0.00064 -0.00061 -0.00059 -0.00055 -0.00052 -0.00047 -0.00044 -0.00039 -0.00036 -0.00033 -0.00031 -0.00029 -0.00028 -0.00027 
-0.00026 -0.00026 -0.00027 -0.00028 -0.00031 -0.00033 -0.00037 -0.00040 -0.00044 -0.00047 -0.00051 -0.00053 -0.00056 -0.00058 -0.00059 -0.00059 -0.00059 -0.00058 -0.00056 -0.00053 -0.00051 -0.00047 -0.00044 -0.00040 -0.00037 -0.00033 -0.00031 -0.00028 -0.00027 -0.00026 -0.00026 
-0.00024 -0.00024 -0.00025 -0.00027 -0.00029 -0.00031 -0.00034 -0.00038 -0.00040 -0.00044 -0.00047 -0.00050 -0.00052 -0.00054 -0.00055 -0.00055 -0.00055 -0.00054 -0.00052 -0.00050 -0.00047 -0.00044 -0.00040 -0.00038 -0.00034 -0.00031 -0.00029 -0.00027 -0.00025 -0.00024 -0.00024 
-0.00023 -0.00023 -0.00024 -0.00026 -0.00028 -0.00030 -0.00033 -0.00036 -0.00039 -0.00042 -0.00045 -0.00047 -0.00050 -0.00051 -0.00053 -0.00052 -0.00053 -0.00051 -0.00050 -0.00047 -0.00045 -0.00042 -0.00039 -0.00036 -0.00033 -0.00030 -0.00028 -0.00026 -0.00024 -0.00023 -0.00023 
-0.00023 -0.00023 -0.00024 -0.00026 -0.00027 -0.00030 -0.00032 -0.00035 -0.00038 -0.00041 -0.00044 -0.00047 -0.00049 -0.00051 -0.00051 -0.00052 -0.00051 -0.00051 -0.00049 -0.00047 -0.00044 -0.00041 -0.00038 -0.00035 -0.00032 -0.00030 -0.00027 -0.00026 -0.00024 -0.00023 -0.00023 
--------------------z=2--------------------
-0.00024 -0.00024 -0.00025 -0.00026 -0.00029 -0.00031 -0.00034 -0.00037 -0.00040 -0.00043 -0.00046 -0.00049 -0.00051 -0.00053 -0.00054 -0.00054 -0.00054 -0.00053 -0.00051 -0.00049 -0.00046 -0.00043 -0.00040 -0.00037 -0.00034 -0.00031 -0.00029 -0.00026 -0.00025 -0.00024 -0.00024 
-0.00024 -0.00024 -0.00025 -0.00027 -0.00029 -0.00031 -0.00034 -0.00038 -0.00040 -0.00044 -0.00047 -0.00050 -0.00052 -0.00054 -0.00055 -0.00055 -0.00055 -0.00054 -0.00052 -0.00050 -0.00047 -0.00044 -0.00040 -0.00038 -0.00034 -0.00031 -0.00029 -0.00027 -0.00025 -0.00024 -0.00024 
-0.00025 -0.00025 -0.00026 -0.00028 -0.00030 -0.00032 -0.00036 -0.00039 -0.00043 -0.00046 -0.00049 -0.00052 -0.00055 -0.00056 -0.00058 -0.00058 -0.00058 -0.00056 -0.00055 -0.00052 -0.00049 -0.00046 -0.00043 -0.00039 -0.00036 -0.00032 -0.00030 -0.00028 -0.00026 -0.00025 -0.00025 
-0.00026 -0.00027 -0.00028 -0.00030 -0.00032 -0.00035 -0.00038 -0.00042 -0.00045 -0.00050 -0.00053 -0.00056 -0.00059 -0.00061 -0.00062 -0.00063 -0.00062 -0.00061 -0.00059 -0.00056 -0.00053 -0.00050 -0.00045 -0.00042 -0.00038 -0.00035 -0.00032 -0.00030 -0.00028 -0.00027 -0.00026 
-0.00029 -0.00029 -0.00030 -0.00032 -0.00035 -0.00038 -0.00042 -0.00045 -0.00050 -0.00054 -0.00058 -0.00062 -0.00065 -0.00067 -0.00069 -0.00069 -0.00069 -0.00067 -0.00065 -0.00062 -0.00058 -0.00054 -0.00050 -0.00045 -0.00042 -0.00038 -0.00035 -0.00032 -0.00030 -0.00029 -0.00029 
-0.00031 -0.00031 -0.00032 -0.00035 -0.00038 -0.00042 -0.00045 -0.00050 -0.00055 -0.00060 -0.00064 -0.00069 -0.00072 -0.00075 -0.00076 -0.00077 -0.00076 -0.00075 -0.00072 -0.00069 -0.00064 -0.00060 -0.00055 -0.00050 -0.00045 -0.00042 -0.00038 -0.00035 -0.00032 -0.00031 -0.00031 
-0.00034 -0.00034 -0.00036 -0.00038 -0.00042 -0.00045 -0.00051 -0.00055 -0.00061 -0.00066 -0.00072 -0.00077 -0.00081 -0.00084 -0.00086 -0.00086 -0.00086 -0.00084 -0.00081 -0.00077 -0.00072 -0.00066 -0.00061 -0.00055 -0.00051 -0.00045 -0.00042 -0.00038 -0.00036 -0.00034 -0.00034 
-0.00037 -0.00038 -0.00039 -0.00042 -0.00045 -0.00050 -0.00055 -0.00062 -0.00068 -0.00074 -0.00080 -0.00086 -0.00090 -0.00094 -0.00096 -0.00097 -0.00096 -0.00094 -0.00090 -0.00086 -0.00080 -0.00074 -0.00068 -0.00062 -0.00055 -0.00050 -0.00045 -0.00042 -0.00039 -0.00038 -0.00037 
-0.00040 -0.00040 -0.00043 -0.00045 -0.00050 -0.00055 -0.00061 -0.00068 -0.00075 -0.00082 -0.00089 -0.00095 -0.00101 -0.00104 -0.00108 -0.00108 -0.00108 -0.00104 -0.00101 -0.00095 -0.00089 -0.00082 -0.00075 -0.00068 -0.00061 -0.00055 -0.00050 -0.00045 -0.00043 -0.00040 -0.00040 
-0.00043 -0.00044 -0.00046 -0.00050 -0.00054 -0.00060 -0.00066 -0.00074 -0.00082 -0.00090 -0.00098 -0.00105 -0.00111 -0.00116 -0.00118 -0.00120 -0.00118 -0.00116 -0.00111 -0.00105 -0.00098 -0.00090 -0.00082 -0.00074 -0.00066 -0.00060 -0.00054 -0.00050 -0.00046 -0.00044 -0.00043 
-0.00046 -0.00047 -0.00049 -0.00053 -0.00058 -0.00064 -0.00072 -0.00080 -0.00089 -0.00098 -0.00107 -0.00114 -0.00122 -0.00126 -0.00130 -0.00131 -0.00130 -0.00126 -0.00122 -0.00114 -0.00107 -0.00098 -0.00089 -0.00080 -0.00072 -0.00064 -0.00058 -0.00053 -0.00049 -0.00047 -0.00046 
-0.00049 -0.00050 -0.00052 -0.00056 -0.00062 -0.00069 -0.00077 -0.00086 -0.00095 -0.00105 -0.00114 -0.00124 -0.00130 -0.00137 -0.00140 -0.00142 -0.00140 -0.00137 -0.00130 -0.00124 -0.00114 -0.00105 -0.00095 -0.00086 -0.00077 -0.00069 -0.00062 -0.00056 -0.00052 -0.00050 -0.00049 
-0.00051 -0.00052 -0.00055 -0.00059 -0.00065 -0.00072 -0.00081 -0.00090 -0.00101 -0.00111 -0.00122 -0.00130 -0.00139 -0.00145 -0.00149 -0.00150 -0.00149 -0.00145 -0.00139 -0.00130 -0.00122 -0.00111 -0.00101 -0.00090 -0.00081 -0.00072 -0.00065 -0.00059 -0.00055 -0.00052 -0.00051 
-0.00053 -0.00054 -0.00056 -0.00061 -0.00067 -0.00075 -0.00084 -0.00094 -0.00104 -0.00116 -0.00126 -0.00137 -0.00145 -0.00152 -0.00155 -0.00157 -0.00155 -0.00152 -0.00145 -0.00137 -0.00126 -0.00116 -0.00104 -0.00094 -0.00084 -0.00075 -0.00067 -0.00061 -0.00056 -0.00054 -0.00053 
-0.00054 -0.00055 -0.00058 -0.00062 -0.00069 -0.00076 -0.00086 -0.00096 -0.00108 -0.00118 -0.00130 -0.00140 -0.00149 -0.00155 -0.00160 -0.00161 -0.00160 -0.00155 -0.00149 -0.00140 -0.00130 -0.00118 -0.00108 -0.00096 -0.00086 -0.00076 -0.00069 -0.00062 -0.00058 -0.00055 -0.00054 
-0.00054 -0.00055 -0.00058 -0.00063 -0.00069 -0.00077 -0.00086 -0.00097 -0.00108 -0.00120 -0.00131 -0.00142 -0.00150 -0.00157 -0.00161 -0.00163 -0.00161 -0.00157 -0.00150 -0.00142 -0.00131 -0.00120 -0.00108 -0.00097 -0.00086 -0.00077 -0.00069 -0.00063 -0.00058 -0.00055 -0.00054 
-0.00054 -0.00055 -0.00058 -0.00062 -0.00069 -0.00076 -0.00086 -0.00096 -0.00108 -0.00118 -0.00130 -0.00140 -0.00149 -0.00155 -0.00160 -0.00161 -0.00160 -0.00155 -0.00149 -0.00140 -0.00130 -0.00118 -0.00108 -0.00096 -0.00086 -0.00076 -0.00069 -0.00062 -0.00058 -0.00055 -0.00054 
-0.00053 -0.00054 -0.00056 -0.00061 -0.00067 -0.00075 -0.00084 -0.00094 -0.00104 -0.00116 -0.00126 -0.00137 -0.00145 -0.00152 -0.00155 -0.00157 -0.00155 -0.00152 -0.00145 -0.00137 -0.00126 -0.00116 -0.00104 -0.00094 -0.00084 -0.00075 -0.00067 -0.00061 -0.00056 -0.00054 -0.00053 
-0.00051 -0.00052 -0.00055 -0.00059 -0.00065 -0.00072 -0.00081 -0.00090 -0.00101 -0.00111 -0.00122 -0.00130 -0.00139 -0.00145 -0.00149 -0.00150 -0.00149 -0.00145 -0.00139 -0.00130 -0.00122 -0.00111 -0.00101 -0.00090 -0.00081 -0.00072 -0.00065 -0.00059 -0.00055 -0.00052 -0.00051 
-0.00049 -0.00050 -0.00052 -0.00056 -0.00062 -0.00069 -0.00077 -0.00086 -0.00095 -0.00105 -0.00114 -0.00124 -0.00130 -0.00137 -0.00140 -0.00142 -0.00140 -0.00137 -0.00130 -0.00124 -0.00114 -0.00105 -0.00095 -0.00086 -0.00077 -0.00069 -0.00062 -0.00056 -0.00052 -0.00050 -0.00049 
-0.00046 -0.00047 -0.00049 -0.00053 -0.00058 -0.00064 -0.00072 -0.00080 -0.00089 -0.00098 -0.00107 -0.00114 -0.00122 -0.00126 -0.00130 -0.00131 -0.00130 -0.00126 -0.00122 -0.00114 -0.00107 -0.00098 -0.00089 -0.00080 -0.00072 -0.00064 -0.00058 -0.00053 -0.00049 -0.00047 -0.00046 
-0.00043 -0.00044 -0.00046 -0.00050 -0.00054 -0.00060 -0.00066 -0.00074 -0.00082 -0.00090 -0.00098 -0.00105 -0.00111 -0.00116 -0.00118 -0.00120 -0.00118 -0.00116 -0.00111 -0.00105 -0.00098 -0.00090 -0.00082 -0.00074 -0.00066 -0.00060 -0.00054 -0.00050 -0.00046 -0.00044 -0.00043 
-0.00040 -0.00040 -0.00043 -0.00045 -0.00050 -0.00055 -0.00061 -0.00068 -0.00075 -0.00082 -0.00089 -0.00095 -0.00101 -0.00104 -0.00108 -0.00108 -0.00108 -0.00104 -0.00101 -0.00095 -0.00089 -0.00082 -0.00075 -0.00068 -0.00061 -0.00055 -0.00050 -0.00045 -0.00043 -0.00040 -0.00040 
-0.00037 -0.00038 -0.00039 -0.00042 -0.00045 -0.00050 -0.00055 -0.00062 -0.00068 -0.00074 -0.00080 -0.00086 -0.00090 -0.00094 -0.00096 -0.00097 -0.00096 -0.00094 -0.00090 -0.00086 -0.00080 -0.00074 -0.00068 -0.00062 -0.00055 -0.00050 -0.00045 -0.00042 -0.00039 -0.00038 -0.00037 
-0.00034 -0.00034 -0.00036 -0.00038 -0.00042 -0.00045 -0.00051 -0.00055 -0.00061 -0.00066 -0.00072 -0.00077 -0.00081 -0.00084 -0.00086 -0.00086 -0.00086 -0.00084 -0.00081 -0.00077 -0.00072 -0.00066 -0.00061 -0.00055 -0.00051 -0.00045 -0.00042 -0.00038 -0.00036 -0.00034 -0.00034 
-0.00031 -0.00031 -0.00032 -0.00035 -0.00038 -0.00042 -0.00045 -0.00050 -0.00055 -0.00060 -0.00064 -0.00069 -0.00072 -0.00075 -0.00076 -0.00077 -0.00076 -0.00075 -0.00072 -0.00069 -0.00064 -0.00060 -0.00055 -0.00050 -0.00045 -0.00042 -0.00038 -0.00035 -0.00032 -0.00031 -0.00031 
-0.00029 -0.00029 -0.00030 -0.00032 -0.00035 -0.00038 -0.00042 -0.00045 -0.00050 -0.00054 -0.00058 -0.00062 -0.00065 -0.00067 -0.00069 -0.00069 -0.00069 -0.00067 -0.00065 -0.00062 -0.00058 -0.00054 -0.00050 -0.00045 -0.00042 -0.00038 -0.00035 -0.00032 -0.00030 -0.00029 -0.00029 
-0.00026 -0.00027 -0.00028 -0.00030 -0.00032 -0.00035 -0.00038 -0.00042 -0.00045 -0.00050 -0.00053 -0.00056 -0.00059 -0.00061 -0.00062 -0.00063 -0.00062 -0.00061 -0.00059 -0.00056 -0.00053 -0.00050 -0.00045 -0.00042 -0.00038 -0.00035 -0.00032 -0.00030 -0.00028 -0.00027 -0.00026 
-0.00025 -0.00025 -0.00026 -0.00028 -0.00030 -0.00032 -0.00036 -0.00039 -0.00043 -0.00046 -0.00049 -0.00052 -0.00055 -0.00056 -0.00058 -0.00058 -0.00058 -0.00056 -0.00055 -0.00052 -0.00049 -0.00046 -0.00043 -0.00039 -0.00036 -0.00032 -0.00030 -0.00028 -0.00026 -0.00025 -0.00025 
-0.00024 -0.00024 -0.00025 -0.00027 -0.00029 -0.00031 -0.00034 -0.00038 -0.00040 -0.00044 -0.00047 -0.00050 -0.00052 -0.00054 -0.00055 -0.00055 -0.00055 -0.00054 -0.00052 -0.00050 -0.00047 -0.00044 -0.00040 -0.00038 -0.00034 -0.00031 -0.00029 -0.00027 -0.00025 -0.00024 -0.00024 
-0.00024 -0.00024 -0.00025 -0.00026 -0.00029 -0.00031 -0.00034 -0.00037 -0.00040 -0.00043 -0.00046 -0.00049 -0.00051 -0.00053 -0.00054 -0.00054 -0.00054 -0.00053 -0.00051 -0.00049 -0.00046 -0.00043 -0.00040 -0.00037 -0.00034 -0.00031 -0.00029 -0.00026 -0.00025 -0.00024 -0.00024 
--------------------z=3--------------------
-0.00025 -0.00026 -0.00026 -0.00028 -0.00030 -0.00033 -0.00036 -0.00039 -0.00043 -0.00046 -0.00049 -0.00053 -0.00055 -0.00057 -0.00058 -0.00059 -0.00058 -0.00057 -0.00055 -0.00053 -0.00049 -0.00046 -0.00043 -0.00039 -0.00036 -0.00033 -0.00030 -0.00028 -0.00026 -0.00026 -0.00025 
-0.00026 -0.00026 -0.00027 -0.00028 -0.00031 -0.00033 -0.00037 -0.00040 -0.00044 -0.00047 -0.00051 -0.00053 -0.00056 -0.00058 -0.00059 -0.00059 -0.00059 -0.00058 -0.00056 -0.00053 -0.00051 -0.00047 -0.00044 -0.00040 -0.00037 -0.00033 -0.00031 -0.00028 -0.00027 -0.00026 -0.00026 
-0.00026 -0.00027 -0.00028 -0.00030 -0.00032 -0.00035 -0.00038 -0.00042 -0.00045 -0.00050 -0.00053 -0.00056 -0.00059 -0.00061 -0.00062 -0.00063 -0.00062 -0.00061 -0.00059 -0.00056 -0.00053 -0.00050 -0.00045 -0.00042 -0.00038 -0.00035 -0.00032 -0.00030 -0.00028 -0.00027 -0.00026 
-0.00028 -0.00028 -0.00030 -0.00031 -0.00034 -0.00037 -0.00041 -0.00045 -0.00049 -0.00053 -0.00057 -0.00061 -0.00064 -0.00066 -0.00068 -0.00068 -0.00068 -0.00066 -0.00064 -0.00061 -0.00057 -0.00053 -0.00049 -0.00045 -0.00041 -0.00037 -0.00034 -0.00031 -0.00030 -0.00028 -0.00028 
-0.00030 -0.00031 -0.00032 -0.00034 -0.00037 -0.00041 -0.00044 -0.00049 -0.00054 -0.00059 -0.00063 -0.00067 -0.00070 -0.00073 -0.00075 -0.00076 -0.00075 -0.00073 -0.00070 -0.00067 -0.00063 -0.00059 -0.00054 -0.00049 -0.00044 -0.00041 -0.00037 -0.00034 -0.00032 -0.00031 -0.00030 
-0.00033 -0.00033 -0.00035 -0.00037 -0.00041 -0.00044 -0.00049 -0.00054 -0.00060 -0.00065 -0.00071 -0.00075 -0.00079 -0.00082 -0.00084 -0.00084 -0.00084 -0.00082 -0.00079 -0.00075 -0.00071 -0.00065 -0.00060 -0.00054 -0.00049 -0.00044 -0.00041 -0.00037 -0.00035 -0.00033 -0.00033 
-0.00036 -0.00037 -0.00038 -0.00041 -0.00044 -0.00049 -0.00054 -0.00061 -0.00066 -0.00073 -0.00079 -0.00085 -0.00089 -0.00093 -0.00094 -0.00096 -0.00094 -0.00093 -0.00089 -0.00085 -0.00079 -0.00073 -0.00066 -0.00061 -0.00054 -0.00049 -0.00044 -0.00041 -0.00038 -0.00037 -0.00036 
-0.00039 -0.00040 -0.00042 -0.00045 -0.00049 -0.00054 -0.00061 -0.00067 -0.00074 -0.00081 -0.00089 -0.00094 -0.00100 -0.00104 -0.00107 -0.00107 -0.00107 -0.00104 -0.00100 -0.00094 -0.00089 -0.00081 -0.00074 -0.00067 -0.00061 -0.00054 -0.00049 -0.00045 -0.00042 -0.00040 -0.00039 
-0.00043 -0.00044 -0.00045 -0.00049 -0.00054 -0.00060 -0.00066 -0.00074 -0.00082 -0.00091 -0.00098 -0.00106 -0.00112 -0.00117 -0.00120 -0.00121 -0.00120 -0.00117 -0.00112 -0.00106 -0.00098 -0.00091 -0.00082 -0.00074 -0.00066 -0.00060 -0.00054 -0.00049 -0.00045 -0.00044 -0.00043 
-0.00046 -0.00047 -0.00050 -0.00053 -0.00059 -0.00065 -0.00073 -0.00081 -0.00091 -0.00100 -0.00109 -0.00117 -0.00125 -0.00130 -0.00134 -0.00134 -0.00134 -0.00130 -0.00125 -0.00117 -0.00109 -0.00100 -0.00091 -0.00081 -0.00073 -0.00065 -0.00059 -0.00053 -0.00050 -0.00047 -0.00046 
-0.00049 -0.00051 -0.00053 -0.00057 -0.00063 -0.00071 -0.00079 -0.00089 -0.00098 -0.00109 -0.00119 -0.00129 -0.00136 -0.00143 -0.00146 -0.00148 -0.00146 -0.00143 -0.00136 -0.00129 -0.00119 -0.00109 -0.00098 -0.00089 -0.00079 -0.00071 -0.00063 -0.00057 -0.00053 -0.00051 -0.00049 
-0.00053 -0.00053 -0.00056 -0.00061 -0.00067 -0.00075 -0.00085 -0.00094 -0.00106 -0.00117 -0.00129 -0.00139 -0.00148 -0.00154 -0.00160 -0.00160 -0.00160 -0.00154 -0.00148 -0.00139 -0.00129 -0.00117 -0.00106 -0.00094 -0.00085 -0.00075 -0.00067 -0.00061 -0.00056 -0.00053 -0.00053 
-0.00055 -0.00056 -0.00059 -0.00064 -0.00070 -0.00079 -0.00089 -0.00100 -0.00112 -0.00125 -0.00136 -0.00148 -0.00157 -0.00166 -0.00170 -0.00172 -0.00170 -0.00166 -0.00157 -0.00148 -0.00136 -0.00125 -0.00112 -0.00100 -0.00089 -0.00079 -0.00070 -0.00064 -0.00059 -0.00056 -0.00055 
-0.00057 -0.00058 -0.00061 -0.00066 -0.00073 -0.00082 -0.00093 -0.00104 -0.00117 -0.00130 -0.00143 -0.00154 -0.00166 -0.00173 -0.00179 -0.00180 -0.00179 -0.00173 -0.00166 -0.00154 -0.00143 -0.00130 -0.00117 -0.00104 -0.00093 -0.00082 -0.00073 -0.00066 -0.00061 -0.00058 -0.00057 
-0.00058 -0.00059 -0.00062 -0.00068 -0.00075 -0.00084 -0.00094 -0.00107 -0.00120 -0.00134 -0.00146 -0.00160 -0.00170 -0.00179 -0.00183 -0.00186 -0.00183 -0.00179 -0.00170 -0.00160 -0.00146 -0.00134 -0.00120 -0.00107 -0.00094 -0.00084 -0.00075 -0.00068 -0.00062 -0.00059 -0.00058 
-0.00059 -0.00059 -0.00063 -0.00068 -0.00076 -0.00084 -0.00096 -0.00107 -0.00121 -0.00134 -0.00148 -0.00160 -0.00172 -0.00180 -0.00186 -0.00187 -0.00186 -0.00180 -0.00172 -0.00160 -0.00148 -0.00134 -0.00121 -0.00107 -0.00096 -0.00084 -0.00076 -0.00068 -0.00063 -0.00059 -0.00059 
-0.00058 -0.00059 -0.00062 -0.00068 -0.00075 -0.00084 -0.00094 -0.00107 -0.00120 -0.00134 -0.00146 -0.00160 -0.00170 -0.00179 -0.00183 -0.00186 -0.00183 -0.00179 -0.00170 -0.00160 -0.00146 -0.00134 -0.00120 -0.00107 -0.00094 -0.00084 -0.00075 -0.00068 -0.00062 -0.00059 -0.00058 
-0.00057 -0.00058 -0.00061 -0.00066 -0.00073 -0.00082 -0.00093 -0.00104 -0.00117 -0.00130 -0.00143 -0.00154 -0.00166 -0.00173 -0.00179 -0.00180 -0.00179 -0.00173 -0.00166 -0.00154 -0.00143 -0.00130 -0.00117 -0.00104 -0.00093 -0.00082 -0.00073 -0.00066 -0.00061 -0.00058 -0.00057 
-0.00055 -0.00056 -0.00059 -0.00064 -0.00070 -0.00079 -0.00089 -0.00100 -0.00112 -0.00125 -0.00136 -0.00148 -0.00157 -0.00166 -0.00170 -0.00172 -0.00170 -0.00166 -0.00157 -0.00148 -0.00136 -0.00125 -0.00112 -0.00100 -0.00089 -0.00079 -0.00070 -0.00064 -0.00059 -0.00056 -0.00055 
-0.00053 -0.00053 -0.00056 -0.00061 -0.00067 -0.00075 -0.00085 -0.00094 -0.00106 -0.00117 -0.00129 -0.00139 -0.00148 -0.00154 -0.00160 -0.00160 -0.00160 -0.00154 -0.00148 -0.00139 -0.00129 -0.00117 -0.00106 -0.00094 -0.00085 -0.00075 -0.00067 -0.00061 -0.00056 -0.00053 -0.00053 
-0.00049 -0.00051 -0.00053 -0.00057 -0.00063 -0.00071 -0.00079 -0.00089 -0.00098 -0.00109 -0.00119 -0.00129 -0.00136 -0.00143 -0.00146 -0.00148 -0.00146 -0.00143 -0.00136 -0.00129 -0.00119 -0.00109 -0.00098 -0.00089 -0.00079 -0.00071 -0.00063 -0.00057 -0.00053 -0.00051 -0.00049 
-0.00046 -0.00047 -0.00050 -0.00053 -0.00059 -0.00065 -0.00073 -0.00081 -0.00091 -0.00100 -0.00109 -0.00117 -0.00125 -0.00130 -0.00134 -0.00134 -0.00134 -0.00130 -0.00125 -0.00117 -0.00109 -0.00100 -0.00091 -0.00081 -0.00073 -0.00065 -0.00059 -0.00053 -0.00050 -0.00047 -0.00046 
-0.00043 -0.00044 -0.00045 -0.00049 -0.00054 -0.00060 -0.00066 -0.00074 -0.00082 -0.00091 -0.00098 -0.00106 -0.00112 -0.00117 -0.00120 -0.00121 -0.00120 -0.00117 -0.00112 -0.00106 -0.00098 -0.00091 -0.00082 -0.00074 -0.00066 -0.00060 -0.00054 -0.00049 -0.00045 -0.00044 -0.00043 
-0.00039 -0.00040 -0.00042 -0.00045 -0.00049 -0.00054 -0.00061 -0.00067 -0.00074 -0.00081 -0.00089 -0.00094 -0.00100 -0.00104 -0.00107 -0.00107 -0.00107 -0.00104 -0.00100 -0.00094 -0.00089 -0.00081 -0.00074 -0.00067 -0.00061 -0.00054 -0.00049 -0.00045 -0.00042 -0.00040 -0.00039 
-0.00036 -0.00037 -0.00038 -0.00041 -0.00044 -0.00049 -0.00054 -0.00061 -0.00066 -0.00073 -0.00079 -0.00085 -0.00089 -0.00093 -0.00094 -0.00096 -0.00094 -0.00093 -0.00089 -0.00085 -0.00079 -0.00073 -0.00066 -0.00061 -0.00054 -0.00049 -0.00044 -0.00041 -0.00038 -0.00037 -0.00036 
-0.00033 -0.00033 -0.00035 -0.00037 -0.00041 -0.00044 -0.00049 -0.00054 -0.00060 -0.00065 -0.00071 -0.00075 -0.00079 -0.00082 -0.00084 -0.00084 -0.00084 -0.00082 -0.00079 -0.00075 -0.00071 -0.00065 -0.00060 -0.00054 -0.00049 -0.00044 -0.00041 -0.00037 -0.00035 -0.00033 -0.00033 
-0.00030 -0.00031 -0.00032 -0.00034 -0.00037 -0.00041 -0.00044 -0.00049 -0.00054 -0.00059 -0.00063 -0.00067 -0.00070 -0.00073 -0.00075 -0.00076 -0.00075 -0.00073 -0.00070 -0.00067 -0.00063 -0.00059 -0.00054 -0.00049 -0.00044 -0.00041 -0.00037 -0.00034 -0.00032 -0.00031 -0.00030 
-0.00028 -0.00028 -0.00030 -0.00031 -0.00034 -0.00037 -0.00041 -0.00045 -0.00049 -0.00053 -0.00057 -0.00061 -0.00064 -0.00066 -0.00068 -0.00068 -0.00068 -0.00066 -0.00064 -0.00061 -0.00057 -0.00053 -0.00049 -0.00045 -0.00041 -0.00037 -0.00034 -0.00031 -0.00030 -0.00028 -0.00028 
-0.00026 -0.00027 -0.00028 -0.00030 -0.00032 -0.00035 -0.00038 -0.00042 -0.00045 -0.00050 -0.00053 -0.00056 -0.00059 -0.00061 -0.00062 -0.00063 -0.00062 -0.00061 -0.00059 -0.00056 -0.00053 -0.00050 -0.00045 -0.00042 -0.00038 -0.00035 -0.00032 -0.00030 -0.00028 -0.00027 -0.00026 
-0.00026 -0.00026 -0.00027 -0.00028 -0.00031 -0.00033 -0.00037 -0.00040 -0.00044 -0.00047 -0.00051 -0.00053 -0.00056 -0.00058 -0.00059 -0.00059 -0.00059 -0.00058 -0.00056 -0.00053 -0.00051 -0.00047 -0.00044 -0.00040 -0.00037 -0.00033 -0.00031 -0.00028 -0.00027 -0.00026 -0.00026 
-0.00025 -0.00026 -0.00026 -0.00028 -0.00030 -0.00033 -0.00036 -0.00039 -0.00043 -0.00046 -0.00049 -0.00053 -0.00055 -0.00057 -0.00058 -0.00059 -0.00058 -0.00057 -0.00055 -0.00053 -0.00049 -0.00046 -0.00043 -0.00039 -0.00036 -0.00033 -0.00030 -0.00028 -0.00026 -0.00026 -0.00025 
--------------------z=14--------------------
-0.00051 -0.00051 -0.00054 -0.00058 -0.00064 -0.00070 -0.00079 -0.00088 -0.00098 -0.00107 -0.00117 -0.00125 -0.00133 -0.00138 -0.00142 -0.00143 -0.00142 -0.00138 -0.00133 -0.00125 -0.00117 -0.00107 -0.00098 -0.00088 -0.00079 -0.00070 -0.00064 -0.00058 -0.00054 -0.00051 -0.00051 
-0.00051 -0.00053 -0.00055 -0.00059 -0.00065 -0.00072 -0.00080 -0.00090 -0.00100 -0.00110 -0.00120 -0.00129 -0.00136 -0.00143 -0.00146 -0.00148 -0.00146 -0.00143 -0.00136 -0.00129 -0.00120 -0.00110 -0.00100 -0.00090 -0.00080 -0.00072 -0.00065 -0.00059 -0.00055 -0.00053 -0.00051 
-0.00054 -0.00055 -0.00058 -0.00062 -0.00069 -0.00076 -0.00086 -0.00096 -0.00108 -0.00118 -0.00130 -0.00140 -0.00149 -0.00155 -0.00160 -0.00161 -0.00160 -0.00155 -0.00149 -0.00140 -0.00130 -0.00118 -0.00108 -0.00096 -0.00086 -0.00076 -0.00069 -0.00062 -0.00058 -0.00055 -0.00054 
-0.00058 -0.00059 -0.00062 -0.00068 -0.00075 -0.00084 -0.00094 -0.00107 -0.00120 -0.00134 -0.00146 -0.00160 -0.00170 -0.00179 -0.00183 -0.00186 -0.00183 -0.00179 -0.00170 -0.00160 -0.00146 -0.00134 -0.00120 -0.00107 -0.00094 -0.00084 -0.00075 -0.00068 -0.00062 -0.00059 -0.00058 
-0.00064 -0.00065 -0.00069 -0.00075 -0.00084 -0.00094 -0.00107 -0.00121 -0.00138 -0.00154 -0.00172 -0.00187 -0.00201 -0.00211 -0.00219 -0.00221 -0.00219 -0.00211 -0.00201 -0.00187 -0.00172 -0.00154 -0.00138 -0.00121 -0.00107 -0.00094 -0.00084 -0.00075 -0.00069 -0.00065 -0.00064 
-0.00070 -0.00072 -0.00076 -0.00084 -0.00094 -0.00108 -0.00123 -0.00141 -0.00161 -0.00183 -0.00204 -0.00225 -0.00243 -0.00259 -0.00267 -0.00272 -0.00267 -0.00259 -0.00243 -0.00225 -0.00204 -0.00183 -0.00161 -0.00141 -0.00123 -0.00108 -0.00094 -0.00084 -0.00076 -0.00072 -0.00070 
-0.00079 -0.00080 -0.00086 -0.00094 -0.00107 -0.00123 -0.00143 -0.00165 -0.00191 -0.00218 -0.00247 -0.00274 -0.00300 -0.00320 -0.00335 -0.00339 -0.00335 -0.00320 -0.00300 -0.00274 -0.00247 -0.00218 -0.00191 -0.00165 -0.00143 -0.00123 -0.00107 -0.00094 -0.00086 -0.00080 -0.00079 
-0.00088 -0.00090 -0.00096 -0.00107 -0.00121 -0.00141 -0.00165 -0.00194 -0.00225 -0.00262 -0.00299 -0.00339 -0.00373 -0.00404 -0.00423 -0.00431 -0.00423 -0.00404 -0.00373 -0.00339 -0.00299 -0.00262 -0.00225 -0.00194 -0.00165 -0.00141 -0.00121 -0.00107 -0.00096 -0.00090 -0.00088 
-0.00098 -0.00100 -0.00108 -0.00120 -0.00138 -0.00161 -0.00191 -0.00225 -0.00268 -0.00314 -0.00366 -0.00418 -0.00470 -0.00513 -0.00544 -0.00554 -0.00544 -0.00513 -0.00470 -0.00418 -0.00366 -0.00314 -0.00268 -0.00225 -0.00191 -0.00161 -0.00138 -0.00120 -0.00108 -0.00100 -0.00098 
-0.00107 -0.00110 -0.00118 -0.00134 -0.00154 -0.00183 -0.00218 -0.00262 -0.00314 -0.00375 -0.00443 -0.00519 -0.00592 -0.00661 -0.00708 -0.00727 -0.00708 -0.00661 -0.00592 -0.00519 -0.00443 -0.00375 -0.00314 -0.00262 -0.00218 -0.00183 -0.00154 -0.00134 -0.00118 -0.00110 -0.00107 
-0.00117 -0.00120 -0.00130 -0.00146 -0.00172 -0.00204 -0.00247 -0.00299 -0.00366 -0.00443 -0.00537 -0.00640 -0.00752 -0.00858 -0.00940 -0.00972 -0.00940 -0.00858 -0.00752 -0.00640 -0.00537 -0.00443 -0.00366 -0.00299 -0.00247 -0.00204 -0.00172 -0.00146 -0.00130 -0.00120 -0.00117 
-0.00125 -0.00129 -0.00140 -0.00160 -0.00187 -0.00225 -0.00274 -0.00339 -0.00418 -0.00519 -0.00640 -0.00788 -0.00954 -0.01130 -0.01276 -0.01341 -0.01276 -0.01130 -0.00954 -0.00788 -0.00640 -0.00519 -0.00418 -0.00339 -0.00274 -0.00225 -0.00187 -0.00160 -0.00140 -0.00129 -0.00125 
-0.00133 -0.00136 -0.00149 -0.00170 -0.00201 -0.00243 -0.00300 -0.00373 -0.00470 -0.00592 -0.00752 -0.00954 -0.01208 -0.01500 -0.01786 -0.01932 -0.01786 -0.01500 -0.01208 -0.00954 -0.00752 -0.00592 -0.00470 -0.00373 -0.00300 -0.00243 -0.00201 -0.00170 -0.00149 -0.00136 -0.00133 
-0.00138 -0.00143 -0.00155 -0.00179 -0.00211 -0.00259 -0.00320 -0.00404 -0.00513 -0.00661 -0.00858 -0.01130 -0.01500 -0.01996 -0.02572 -0.02969 -0.02572 -0.01996 -0.01500 -0.01130 -0.00858 -0.00661 -0.00513 -0.00404 -0.00320 -0.00259 -0.00211 -0.00179 -0.00155 -0.00143 -0.00138 
-0.00142 -0.00146 -0.00160 -0.00183 -0.00219 -0.00267 -0.00335 -0.00423 -0.00544 -0.00708 -0.00940 -0.01276 -0.01786 -0.02572 -0.03731 -0.04890 -0.03731 -0.02572 -0.01786 -0.01276 -0.00940 -0.00708 -0.00544 -0.00423 -0.00335 -0.00267 -0.00219 -0.00183 -0.00160 -0.00146 -0.00142 
-0.00143 -0.00148 -0.00161 -0.00186 -0.00221 -0.00272 -0.00339 -0.00431 -0.00554 -0.00727 -0.00972 -0.01341 -0.01932 -0.02969 -0.04890 -0.07978 -0.04890 -0.02969 -0.01932 -0.01341 -0.00972 -0.00727 -0.00554 -0.00431 -0.00339 -0.00272 -0.00221 -0.00186 -0.00161 -0.00148 -0.00143 
-0.00142 -0.00146 -0.00160 -0.00183 -0.00219 -0.00267 -0.00335 -0.00423 -0.00544 -0.00708 -0.00940 -0.01276 -0.01786 -0.02572 -0.03731 -0.04890 -0.03731 -0.02572 -0.01786 -0.01276 -0.00940 -0.00708 -0.00544 -0.00423 -0.00335 -0.00267 -0.00219 -0.00183 -0.00160 -0.00146 -0.00142 
-0.00138 -0.00143 -0.00155 -0.00179 -0.00211 -0.00259 -0.00320 -0.00404 -0.00513 -0.00661 -0.00858 -0.01130 -0.01500 -0.01996 -0.02572 -0.02969 -0.02572 -0.01996 -0.01500 -0.01130 -0.00858 -0.00661 -0.00513 -0.00404 -0.00320 -0.00259 -0.00211 -0.00179 -0.00155 -0.00143 -0.00138 
-0.00133 -0.00136 -0.00149 -0.00170 -0.00201 -0.00243 -0.00300 -0.00373 -0.00470 -0.00592 -0.00752 -0.00954 -0.01208 -0.01500 -0.01786 -0.01932 -0.01786 -0.01500 -0.01208 -0.00954 -0.00752 -0.00592 -0.00470 -0.00373 -0.00300 -0.00243 -0.00201 -0.00170 -0.00149 -0.00136 -0.00133 
-0.00125 -0.00129 -0.00140 -0.00160 -0.00187 -0.00225 -0.00274 -0.00339 -0.00418 -0.00519 -0.00640 -0.00788 -0.00954 -0.01130 -0.01276 -0.01341 -0.01276 -0.01130 -0.00954 -0.00788 -0.00640 -0.00519 -0.00418 -0.00339 -0.00274 -0.00225 -0.00187 -0.00160 -0.00140 -0.00129 -0.00125 
-0.00117 -0.00120 -0.00130 -0.00146 -0.00172 -0.00204 -0.00247 -0.00299 -0.00366 -0.00443 -0.00537 -0.00640 -0.00752 -0.00858 -0.00940 -0.00972 -0.00940 -0.00858 -0.00752 -0.00640 -0.00537 -0.00443 -0.00366 -0.00299 -0.00247 -0.00204 -0.00172 -0.00146 -0.00130 -0.00120 -0.00117 
-0.00107 -0.00110 -0.00118 -0.00134 -0.00154 -0.00183 -0.00218 -0.00262 -0.00314 -0.00375 -0.00443 -0.00519 -0.00592 -0.00661 -0.00708 -0.00727 -0.00708 -0.00661 -0.00592 -0.00519 -0.00443 -0.00375 -0.00314 -0.00262 -0.00218 -0.00183 -0.00154 -0.00134 -0.00118 -0.00110 -0.00107 
-0.00098 -0.00100 -0.00108 -0.00120 -0.00138 -0.00161 -0.00191 -0.00225 -0.00268 -0.00314 -0.00366 -0.00418 -0.00470 -0.00513 -0.00544 -0.00554 -0.00544 -0.00513 -0.00470 -0.00418 -0.00366 -0.00314 -0.00268 -0.00225 -0.00191 -0.00161 -0.00138 -0.00120 -0.00108 -0.00100 -0.00098 
-0.00088 -0.00090 -0.00096 -0.00107 -0.00121 -0.00141 -0.00165 -0.00194 -0.00225 -0.00262 -0.00299 -0.00339 -0.00373 -0.00404 -0.00423 -0.00431 -0.00423 -0.00404 -0.00373 -0.00339 -0.00299 -0.00262 -0.00225 -0.00194 -0.00165 -0.00141 -0.00121 -0.00107 -0.00096 -0.00090 -0.00088 
-0.00079 -0.00080 -0.00086 -0.00094 -0.00107 -0.00123 -0.00143 -0.00165 -0.00191 -0.00218 -0.00247 -0.00274 -0.00300 -0.00320 -0.00335 -0.00339 -0.00335 -0.00320 -0.00300 -0.00274 -0.00247 -0.00218 -0.00191 -0.00165 -0.00143 -0.00123 -0.00107 -0.00094 -0.00086 -0.00080 -0.00079 
-0.00070 -0.00072 -0.00076 -0.00084 -0.00094 -0.00108 -0.00123 -0.00141 -0.00161 -0.00183 -0.00204 -0.00225 -0.00243 -0.00259 -0.00267 -0.00272 -0.00267 -0.00259 -0.00243 -0.00225 -0.00204 -0.00183 -0.00161 -0.00141 -0.00123 -0.00108 -0.00094 -0.00084 -0.00076 -0.00072 -0.00070 
-0.00064 -0.00065 -0.00069 -0.00075 -0.00084 -0.00094 -0.00107 -0.00121 -0.00138 -0.00154 -0.00172 -0.00187 -0.00201 -0.00211 -0.00219 -0.00221 -0.00219 -0.00211 -0.00201 -0.00187 -0.00172 -0.00154 -0.00138 -0.00121 -0.00107 -0.00094 -0.00084 -0.00075 -0.00069 -0.00065 -0.00064 
-0.00058 -0.00059 -0.00062 -0.00068 -0.00075 -0.00084 -0.00094 -0.00107 -0.00120 -0.00134 -0.00146 -0.00160 -0.00170 -0.00179 -0.00183 -0.00186 -0.00183 -0.00179 -0.00170 -0.00160 -0.00146 -0.00134 -0.00120 -0.00107 -0.00094 -0.00084 -0.00075 -0.00068 -0.00062 -0.00059 -0.00058 
-0.00054 -0.00055 -0.00058 -0.00062 -0.00069 -0.00076 -0.00086 -0.00096 -0.00108 -0.00118 -0.00130 -0.00140 -0.00149 -0.00155 -0.00160 -0.00161 -0.00160 -0.00155 -0.00149 -0.00140 -0.00130 -0.00118 -0.00108 -0.00096 -0.00086 -0.00076 -0.00069 -0.00062 -0.00058 -0.00055 -0.00054 
-0.00051 -0.00053 -0.00055 -0.00059 -0.00065 -0.00072 -0.00080 -0.00090 -0.00100 -0.00110 -0.00120 -0.00129 -0.00136 -0.00143 -0.00146 -0.00148 -0.00146 -0.00143 -0.00136 -0.00129 -0.00120 -0.00110 -0.00100 -0.00090 -0.00080 -0.00072 -0.00065 -0.00059 -0.00055 -0.00053 -0.00051 
-0.00051 -0.00051 -0.00054 -0.00058 -0.00064 -0.00070 -0.00079 -0.00088 -0.00098 -0.00107 -0.00117 -0.00125 -0.00133 -0.00138 -0.00142 -0.00143 -0.00142 -0.00138 -0.00133 -0.00125 -0.00117 -0.00107 -0.00098 -0.00088 -0.00079 -0.00070 -0.00064 -0.00058 -0.00054 -0.00051 -0.00051 
--------------------z=15--------------------
-0.00051 -0.00052 -0.00054 -0.00059 -0.00064 -0.00071 -0.00079 -0.00089 -0.00098 -0.00108 -0.00117 -0.00127 -0.00133 -0.00140 -0.00143 -0.00145 -0.00143 -0.00140 -0.00133 -0.00127 -0.00117 -0.00108 -0.00098 -0.00089 -0.00079 -0.00071 -0.00064 -0.00059 -0.00054 -0.00052 -0.00051 
-0.00052 -0.00052 -0.00055 -0.00059 -0.00066 -0.00072 -0.00081 -0.00090 -0.00101 -0.00111 -0.00121 -0.00130 -0.00138 -0.00143 -0.00148 -0.00148 -0.00148 -0.00143 -0.00138 -0.00130 -0.00121 -0.00111 -0.00101 -0.00090 -0.00081 -0.00072 -0.00066 -0.00059 -0.00055 -0.00052 -0.00052 
-0.00054 -0.00055 -0.00058 -0.00063 -0.00069 -0.00077 -0.00086 -0.00097 -0.00108 -0.00120 -0.00131 -0.00142 -0.00150 -0.00157 -0.00161 -0.00163 -0.00161 -0.00157 -0.00150 -0.00142 -0.00131 -0.00120 -0.00108 -0.00097 -0.00086 -0.00077 -0.00069 -0.00063 -0.00058 -0.00055 -0.00054 
-0.00059 -0.00059 -0.00063 -0.00068 -0.00076 -0.00084 -0.00096 -0.00107 -0.00121 -0.00134 -0.00148 -0.00160 -0.00172 -0.00180 -0.00186 -0.00187 -0.00186 -0.00180 -0.00172 -0.00160 -0.00148 -0.00134 -0.00121 -0.00107 -0.00096 -0.00084 -0.00076 -0.00068 -0.00063 -0.00059 -0.00059 
-0.00064 -0.00066 -0.00069 -0.00076 -0.00084 -0.00095 -0.00108 -0.00123 -0.00139 -0.00156 -0.00173 -0.00189 -0.00203 -0.00215 -0.00221 -0.00224 -0.00221 -0.00215 -0.00203 -0.00189 -0.00173 -0.00156 -0.00139 -0.00123 -0.00108 -0.00095 -0.00084 -0.00076 -0.00069 -0.00066 -0.00064 
-0.00071 -0.00072 -0.00077 -0.00084 -0.00095 -0.00108 -0.00124 -0.00142 -0.00163 -0.00184 -0.00207 -0.00227 -0.00247 -0.00261 -0.00272 -0.00274 -0.00272 -0.00261 -0.00247 -0.00227 -0.00207 -0.00184 -0.00163 -0.00142 -0.00124 -0.00108 -0.00095 -0.00084 -0.00077 -0.00072 -0.00071 
-0.00079 -0.00081 -0.00086 -0.00096 -0.00108 -0.00124 -0.00143 -0.00167 -0.00192 -0.00221 -0.00249 -0.00278 -0.00304 -0.00326 -0.00339 -0.00344 -0.00339 -0.00326 -0.00304 -0.00278 -0.00249 -0.00221 -0.00192 -0.00167 -0.00143 -0.00124 -0.00108 -0.00096 -0.00086 -0.00081 -0.00079 
-0.00089 -0.00090 -0.00097 -0.00107 -0.00123 -0.00142 -0.00167 -0.00195 -0.00229 -0.00265 -0.00304 -0.00343 -0.00380 -0.00410 -0.00431 -0.00437 -0.00431 -0.00410 -0.00380 -0.00343 -0.00304 -0.00265 -0.00229 -0.00195 -0.00167 -0.00142 -0.00123 -0.00107 -0.00097 -0.00090 -0.00089 
-0.00098 -0.00101 -0.00108 -0.00121 -0.00139 -0.00163 -0.00192 -0.00229 -0.00270 -0.00319 -0.00370 -0.00426 -0.00477 -0.00524 -0.00554 -0.00567 -0.00554 -0.00524 -0.00477 -0.00426 -0.00370 -0.00319 -0.00270 -0.00229 -0.00192 -0.00163 -0.00139 -0.00121 -0.00108 -0.00101 -0.00098 
-0.00108 -0.00111 -0.00120 -0.00134 -0.00156 -0.00184 -0.00221 -0.00265 -0.00319 -0.00380 -0.00452 -0.00527 -0.00606 -0.00675 -0.00727 -0.00745 -0.00727 -0.00675 -0.00606 -0.00527 -0.00452 -0.00380 -0.00319 -0.00265 -0.00221 -0.00184 -0.00156 -0.00134 -0.00120 -0.00111 -0.00108 
-0.00117 -0.00121 -0.00131 -0.00148 -0.00173 -0.00207 -0.00249 -0.00304 -0.00370 -0.00452 -0.00546 -0.00655 -0.00771 -0.00885 -0.00972 -0.01008 -0.00972 -0.00885 -0.00771 -0.00655 -0.00546 -0.00452 -0.00370 -0.00304 -0.00249 -0.00207 -0.00173 -0.00148 -0.00131 -0.00121 -0.00117 
-0.00127 -0.00130 -0.00142 -0.00160 -0.00189 -0.00227 -0.00278 -0.00343 -0.00426 -0.00527 -0.00655 -0.00808 -0.00987 -0.01175 -0.01341 -0.01416 -0.01341 -0.01175 -0.00987 -0.00808 -0.00655 -0.00527 -0.00426 -0.00343 -0.00278 -0.00227 -0.00189 -0.00160 -0.00142 -0.00130 -0.00127 
-0.00133 -0.00138 -0.00150 -0.00172 -0.00203 -0.00247 -0.00304 -0.00380 -0.00477 -0.00606 -0.00771 -0.00987 -0.01260 -0.01592 -0.01932 -0.02135 -0.01932 -0.01592 -0.01260 -0.00987 -0.00771 -0.00606 -0.00477 -0.00380 -0.00304 -0.00247 -0.00203 -0.00172 -0.00150 -0.00138 -0.00133 
-0.00140 -0.00143 -0.00157 -0.00180 -0.00215 -0.00261 -0.00326 -0.00410 -0.00524 -0.00675 -0.00885 -0.01175 -0.01592 -0.02183 -0.02969 -0.03662 -0.02969 -0.02183 -0.01592 -0.01175 -0.00885 -0.00675 -0.00524 -0.00410 -0.00326 -0.00261 -0.00215 -0.00180 -0.00157 -0.00143 -0.00140 
-0.00143 -0.00148 -0.00161 -0.00186 -0.00221 -0.00272 -0.00339 -0.00431 -0.00554 -0.00727 -0.00972 -0.01341 -0.01932 -0.02969 -0.04890 -0.07978 -0.04890 -0.02969 -0.01932 -0.01341 -0.00972 -0.00727 -0.00554 -0.00431 -0.00339 -0.00272 -0.00221 -0.00186 -0.00161 -0.00148 -0.00143 
-0.00145 -0.00148 -0.00163 -0.00187 -0.00224 -0.00274 -0.00344 -0.00437 -0.00567 -0.00745 -0.01008 -0.01416 -0.02135 -0.03662 -0.07978 -0.24642 -0.07978 -0.03662 -0.02135 -0.01416 -0.01008 -0.00745 -0.00567 -0.00437 -0.00344 -0.00274 -0.00224 -0.00187 -0.00163 -0.00148 -0.00145 
-0.00143 -0.00148 -0.00161 -0.00186 -0.00221 -0.00272 -0.00339 -0.00431 -0.00554 -0.00727 -0.00972 -0.01341 -0.01932 -0.02969 -0.04890 -0.07978 -0.04890 -0.02969 -0.01932 -0.01341 -0.00972 -0.00727 -0.00554 -0.00431 -0.00339 -0.00272 -0.00221 -0.00186 -0.00161 -0.00148 -0.00143 
-0.00140 -0.00143 -0.00157 -0.00180 -0.00215 -0.00261 -0.00326 -0.00410 -0.00524 -0.00675 -0.00885 -0.01175 -0.01592 -0.02183 -0.02969 -0.03662 -0.02969 -0.02183 -0.01592 -0.01175 -0.00885 -0.00675 -0.00524 -0.00410 -0.00326 -0.00261 -0.00215 -0.00180 -0.00157 -0.00143 -0.00140 
-0.00133 -0.00138 -0.00150 -0.00172 -0.00203 -0.00247 -0.00304 -0.00380 -0.00477 -0.00606 -0.00771 -0.00987 -0.01260 -0.01592 -0.01932 -0.02135 -0.01932 -0.01592 -0.01260 -0.00987 -0.00771 -0.00606 -0.00477 -0.00380 -0.00304 -0.00247 -0.00203 -0.00172 -0.00150 -0.00138 -0.00133 
-0.00127 -0.00130 -0.00142 -0.00160 -0.00189 -0.00227 -0.00278 -0.00343 -0.00426 -0.00527 -0.00655 -0.00808 -0.00987 -0.01175 -0.01341 -0.01416 -0.01341 -0.01175 -0.00987 -0.00808 -0.00655 -0.00527 -0.00426 -0.00343 -0.00278 -0.00227 -0.00189 -0.00160 -0.00142 -0.00130 -0.00127 
-0.00117 -0.00121 -0.00131 -0.00148 -0.00173 -0.00207 -0.00249 -0.00304 -0.00370 -0.00452 -0.00546 -0.00655 -0.00771 -0.00885 -0.00972 -0.01008 -0.00972 -0.00885 -0.00771 -0.00655 -0.00546 -0.00452 -0.00370 -0.00304 -0.00249 -0.00207 -0.00173 -0.00148 -0.00131 -0.00121 -0.00117 
-0.00108 -0.00111 -0.00120 -0.00134 -0.00156 -0.00184 -0.00221 -0.00265 -0.00319 -0.00380 -0.00452 -0.00527 -0.00606 -0.00675 -0.00727 -0.00745 -0.00727 -0.00675 -0.00606 -0.00527 -0.00452 -0.00380 -0.00319 -0.00265 -0.00221 -0.00184 -0.00156 -0.00134 -0.00120 -0.00111 -0.00108 
-0.00098 -0.00101 -0.00108 -0.00121 -0.00139 -0.00163 -0.00192 -0.00229 -0.00270 -0.00319 -0.00370 -0.00426 -0.00477 -0.00524 -0.00554 -0.00567 -0.00554 -0.00524 -0.00477 -0.00426 -0.00370 -0.00319 -0.00270 -0.00229 -0.00192 -0.00163 -0.00139 -0.00121 -0.00108 -0.00101 -0.00098 
-0.00089 -0.00090 -0.00097 -0.00107 -0.00123 -0.00142 -0.00167 -0.00195 -0.00229 -0.00265 -0.00304 -0.00343 -0.00380 -0.00410 -0.00431 -0.00437 -0.00431 -0.00410 -0.00380 -0.00343 -0.00304 -0.00265 -0.00229 -0.00195 -0.00167 -0.00142 -0.00123 -0.00107 -0.00097 -0.00090 -0.00089 
-0.00079 -0.00081 -0.00086 -0.00096 -0.00108 -0.00124 -0.00143 -0.00167 -0.00192 -0.00221 -0.00249 -0.00278 -0.00304 -0.00326 -0.00339 -0.00344 -0.00339 -0.00326 -0.00304 -0.00278 -0.00249 -0.00221 -0.00192 -0.00167 -0.00143 -0.00124 -0.00108 -0.00096 -0.00086 -0.00081 -0.00079 
-0.00071 -0.00072 -0.00077 -0.00084 -0.00095 -0.00108 -0.00124 -0.00142 -0.00163 -0.00184 -0.00207 -0.00227 -0.00247 -0.00261 -0.00272 -0.00274 -0.00272 -0.00261 -0.00247 -0.00227 -0.00207 -0.00184 -0.00163 -0.00142 -0.00124 -0.00108 -0.00095 -0.00084 -0.00077 -0.00072 -0.00071 
-0.00064 -0.00066 -0.00069 -0.00076 -0.00084 -0.00095 -0.00108 -0.00123 -0.00139 -0.00156 -0.00173 -0.00189 -0.00203 -0.00215 -0.00221 -0.00224 -0.00221 -0.00215 -0.00203 -0.00189 -0.00173 -0.00156 -0.00139 -0.00123 -0.00108 -0.00095 -0.00084 -0.00076 -0.00069 -0.00066 -0.00064 
-0.00059 -0.00059 -0.00063 -0.00068 -0.00076 -0.00084 -0.00096 -0.00107 -0.00121 -0.00134 -0.00148 -0.00160 -0.00172 -0.00180 -0.00186 -0.00187 -0.00186 -0.00180 -0.00172 -0.00160 -0.00148 -0.00134 -0.00121 -0.00107 -0.00096 -0.00084 -0.00076 -0.00068 -0.00063 -0.00059 -0.00059 
-0.00054 -0.00055 -0.00058 -0.00063 -0.00069 -0.00077 -0.00086 -0.00097 -0.00108 -0.00120 -0.00131 -0.00142 -0.00150 -0.00157 -0.00161 -0.00163 -0.00161 -0.00157 -0.00150 -0.00142 -0.00131 -0.00120 -0.00108 -0.00097 -0.00086 -0.00077 -0.00069 -0.00063 -0.00058 -0.00055 -0.00054 
-0.00052 -0.00052 -0.00055 -0.00059 -0.00066 -0.00072 -0.00081 -0.00090 -0.00101 -0.00111 -0.00121 -0.00130 -0.00138 -0.00143 -0.00148 -0.00148 -0.00148 -0.00143 -0.00138 -0.00130 -0.00121 -0.00111 -0.00101 -0.00090 -0.00081 -0.00072 -0.00066 -0.00059 -0.00055 -0.00052 -0.00052 
-0.00051 -0.00052 -0.00054 -0.00059 -0.00064 -0.00071 -0.00079 -0.00089 -0.00098 -0.00108 -0.00117 -0.00127 -0.00133 -0.00140 -0.00143 -0.00145 -0.00143 -0.00140 -0.00133 -0.00127 -0.00117 -0.00108 -0.00098 -0.00089 -0.00079 -0.00071 -0.00064 -0.00059 -0.00054 -0.00052 -0.00051 
--------------------z=16--------------------
-0.00051 -0.00051 -0.00054 -0.00058 -0.00064 -0.00070 -0.00079 -0.00088 -0.00098 -0.00107 -0.00117 -0.00125 -0.00133 -0.00138 -0.00142 -0.00143 -0.00142 -0.00138 -0.00133 -0.00125 -0.00117 -0.00107 -0.00098 -0.00088 -0.00079 -0.00070 -0.00064 -0.00058 -0.00054 -0.00051 -0.00051 
-0.00051 -0.00053 -0.00055 -0.00059 -0.00065 -0.00072 -0.00080 -0.00090 -0.00100 -0.00110 -0.00120 -0.00129 -0.00136 -0.00143 -0.00146 -0.00148 -0.00146 -0.00143 -0.00136 -0.00129 -0.00120 -0.00110 -0.00100 -0.00090 -0.00080 -0.00072 -0.00065 -0.00059 -0.00055 -0.00053 -0.00051 
-0.00054 -0.00055 -0.00058 -0.00062 -0.00069 -0.00076 -0.00086 -0.00096 -0.00108 -0.00118 -0.00130 -0.00140 -0.00149 -0.00155 -0.00160 -0.00161 -0.00160 -0.00155 -0.00149 -0.00140 -0.00130 -0.00118 -0.00108 -0.00096 -0.00086 -0.00076 -0.00069 -0.00062 -0.00058 -0.00055 -0.00054 
-0.00058 -0.00059 -0.00062 -0.00068 -0.00075 -0.00084 -0.00094 -0.00107 -0.00120 -0.00134 -0.00146 -0.00160 -0.00170 -0.00179 -0.00183 -0.00186 -0.00183 -0.00179 -0.00170 -0.00160 -0.00146 -0.00134 -0.00120 -0.00107 -0.00094 -0.00084 -0.00075 -0.00068 -0.00062 -0.00059 -0.00058 
-0.00064 -0.00065 -0.00069 -0.00075 -0.00084 -0.00094 -0.00107 -0.00121 -0.00138 -0.00154 -0.00172 -0.00187 -0.00201 -0.00211 -0.00219 -0.00221 -0.00219 -0.00211 -0.00201 -0.00187 -0.00172 -0.00154 -0.00138 -0.00121 -0.00107 -0.00094 -0.00084 -0.00075 -0.00069 -0.00065 -0.00064 
-0.00070 -0.00072 -0.00076 -0.00084 -0.00094 -0.00108 -0.00123 -0.00141 -0.00161 -0.00183 -0.00204 -0.00225 -0.00243 -0.00259 -0.00267 -0.00272 -0.00267 -0.00259 -0.00243 -0.00225 -0.00204 -0.00183 -0.00161 -0.00141 -0.00123 -0.00108 -0.00094 -0.00084 -0.00076 -0.00072 -0.00070 
-0.00079 -0.00080 -0.00086 -0.00094 -0.00107 -0.00123 -0.00143 -0.00165 -0.00191 -0.00218 -0.00247 -0.00274 -0.00300 -0.00320 -0.00335 -0.00339 -0.00335 -0.00320 -0.00300 -0.00274 -0.00247 -0.00218 -0.00191 -0.00165 -0.00143 -0.00123 -0.00107 -0.00094 -0.00086 -0.00080 -0.00079 
-0.00088 -0.00090 -0.00096 -0.00107 -0.00121 -0.00141 -0.00165 -0.00194 -0.00225 -0.00262 -0.00299 -0.00339 -0.00373 -0.00404 -0.00423 -0.00431 -0.00423 -0.00404 -0.00373 -0.00339 -0.00299 -0.00262 -0.00225 -0.00194 -0.00165 -0.00141 -0.00121 -0.00107 -0.00096 -0.00090 -0.00088 
-0.00098 -0.00100 -0.00108 -0.00120 -0.00138 -0.00161 -0.00191 -0.00225 -0.00268 -0.00314 -0.00366 -0.00418 -0.00470 -0.00513 -0.00544 -0.00554 -0.00544 -0.00513 -0.00470 -0.00418 -0.00366 -0.00314 -0.00268 -0.00225 -0.00191 -0.00161 -0.00138 -0.00120 -0.00108 -0.00100 -0.00098 
-0.00107 -0.00110 -0.00118 -0.00134 -0.00154 -0.00183 -0.00218 -0.00262 -0.00314 -0.00375 -0.00443 -0.00519 -0.00592 -0.00661 -0.00708 -0.00727 -0.00708 -0.00661 -0.00592 -0.00519 -0.00443 -0.00375 -0.00314 -0.00262 -0.00218 -0.00183 -0.00154 -0.00134 -0.00118 -0.00110 -0.00107 
-0.00117 -0.00120 -0.00130 -0.00146 -0.00172 -0.00204 -0.00247 -0.00299 -0.00366 -0.00443 -0.00537 -0.00640 -0.00752 -0.00858 -0.00940 -0.00972 -0.00940 -0.00858 -0.00752 -0.00640 -0.00537 -0.00443 -0.00366 -0.00299 -0.00247 -0.00204 -0.00172 -0.00146 -0.00130 -0.00120 -0.00117 
-0.00125 -0.00129 -0.00140 -0.00160 -0.00187 -0.00225 -0.00274 -0.00339 -0.00418 -0.00519 -0.00640 -0.00788 -0.00954 -0.01130 -0.01276 -0.01341 -0.01276 -0.01130 -0.00954 -0.00788 -0.00640 -0.00519 -0.00418 -0.00339 -0.00274 -0.00225 -0.00187 -0.00160 -0.00140 -0.00129 -0.00125 
-0.00133 -0.00136 -0.00149 -0.00170 -0.00201 -0.00243 -0.00300 -0.00373 -0.00470 -0.00592 -0.00752 -0.00954 -0.01208 -0.01500 -0.01786 -0.01932 -0.01786 -0.01500 -0.01208 -0.00954 -0.00752 -0.00592 -0.00470 -0.00373 -0.00300 -0.00243 -0.00201 -0.00170 -0.00149 -0.00136 -0.00133 
-0.00138 -0.00143 -0.00155 -0.00179 -0.00211 -0.00259 -0.00320 -0.00404 -0.00513 -0.00661 -0.00858 -0.01130 -0.01500 -0.01996 -0.02572 -0.02969 -0.02572 -0.01996 -0.01500 -0.01130 -0.00858 -0.00661 -0.00513 -0.00404 -0.00320 -0.00259 -0.00211 -0.00179 -0.00155 -0.00143 -0.00138 
-0.00142 -0.00146 -0.00160 -0.00183 -0.00219 -0.00267 -0.00335 -0.00423 -0.00544 -0.00708 -0.00940 -0.01276 -0.01786 -0.02572 -0.03731 -0.04890 -0.03731 -0.02572 -0.01786 -0.01276 -0.00940 -0.00708 -0.00544 -0.00423 -0.00335 -0.00267 -0.00219 -0.00183 -0.00160 -0.00146 -0.00142 
-0.00143 -0.00148 -0.00161 -0.00186 -0.00221 -0.00272 -0.00339 -0.00431 -0.00554 -0.00727 -0.00972 -0.01341 -0.01932 -0.02969 -0.04890 -0.07978 -0.04890 -0.02969 -0.01932 -0.01341 -0.00972 -0.00727 -0.00554 -0.00431 -0.00339 -0.00272 -0.00221 -0.00186 -0.00161 -0.00148 -0.00143 
-0.00142 -0.00146 -0.00160 -0.00183 -0.00219 -0.00267 -0.00335 -0.00423 -0.00544 -0.00708 -0.00940 -0.01276 -0.01786 -0.02572 -0.03731 -0.04890 -0.03731 -0.02572 -0.01786 -0.01276 -0.00940 -0.00708 -0.00544 -0.00423 -0.00335 -0.00267 -0.00219 -0.00183 -0.00160 -0.00146 -0.00142 
-0.00138 -0.00143 -0.00155 -0.00179 -0.00211 -0.00259 -0.00320 -0.00404 -0.00513 -0.00661 -0.00858 -0.01130 -0.01500 -0.01996 -0.02572 -0.02969 -0.02572 -0.01996 -0.01500 -0.01130 -0.00858 -0.00661 -0.00513 -0.00404 -0.00320 -0.00259 -0.00211 -0.00179 -0.00155 -0.00143 -0.00138 
-0.00133 -0.00136 -0.00149 -0.00170 -0.00201 -0.00243 -0.00300 -0.00373 -0.00470 -0.00592 -0.00752 -0.00954 -0.01208 -0.01500 -0.01786 -0.01932 -0.01786 -0.01500 -0.01208 -0.00954 -0.00752 -0.00592 -0.00470 -0.00373 -0.00300 -0.00243 -0.00201 -0.00170 -0.00149 -0.00136 -0.00133 
-0.00125 -0.00129 -0.00140 -0.00160 -0.00187 -0.00225 -0.00274 -0.00339 -0.00418 -0.00519 -0.00640 -0.00788 -0.00954 -0.01130 -0.01276 -0.01341 -0.01276 -0.01130 -0.00954 -0.00788 -0.00640 -0.00519 -0.00418 -0.00339 -0.00274 -0.00225 -0.00187 -0.00160 -0.00140 -0.00129 -0.00125 
-0.00117 -0.00120 -0.00130 -0.00146 -0.00172 -0.00204 -0.00247 -0.00299 -0.00366 -0.00443 -0.00537 -0.00640 -0.00752 -0.00858 -0.00940 -0.00972 -0.00940 -0.00858 -0.00752 -0.00640 -0.00537 -0.00443 -0.00366 -0.00299 -0.00247 -0.00204 -0.00172 -0.00146 -0.00130 -0.00120 -0.00117 
-0.00107 -0.00110 -0.00118 -0.00134 -0.00154 -0.00183 -0.00218 -0.00262 -0.00314 -0.00375 -0.00443 -0.00519 -0.00592 -0.00661 -0.00708 -0.00727 -0.00708 -0.00661 -0.00592 -0.00519 -0.00443 -0.00375 -0.00314 -0.00262 -0.00218 -0.00183 -0.00154 -0.00134 -0.00118 -0.00110 -0.00107 
-0.00098 -0.00100 -0.00108 -0.00120 -0.00138 -0.00161 -0.00191 -0.00225 -0.00268 -0.00314 -0.00366 -0.00418 -0.00470 -0.00513 -0.00544 -0.00554 -0.00544 -0.00513 -0.00470 -0.00418 -0.00366 -0.00314 -0.00268 -0.00225 -0.00191 -0.00161 -0.00138 -0.00120 -0.00108 -0.00100 -0.00098 
-0.00088 -0.00090 -0.00096 -0.00107 -0.00121 -0.00141 -0.00165 -0.00194 -0.00225 -0.00262 -0.00299 -0.00339 -0.00373 -0.00404 -0.00423 -0.00431 -0.00423 -0.00404 -0.00373 -0.00339 -0.00299 -0.00262 -0.00225 -0.00194 -0.00165 -0.00141 -0.00121 -0.00107 -0.00096 -0.00090 -0.00088 
-0.00079 -0.00080 -0.00086 -0.00094 -0.00107 -0.00123 -0.00143 -0.00165 -0.00191 -0.00218 -0.00247 -0.00274 -0.00300 -0.00320 -0.00335 -0.00339 -0.00335 -0.00320 -0.00300 -0.00274 -0.00247 -0.00218 -0.00191 -0.00165 -0.00143 -0.00123 -0.00107 -0.00094 -0.00086 -0.00080 -0.00079 
-0.00070 -0.00072 -0.00076 -0.00084 -0.00094 -0.00108 -0.00123 -0.00141 -0.00161 -0.00183 -0.00204 -0.00225 -0.00243 -0.00259 -0.00267 -0.00272 -0.00267 -0.00259 -0.00243 -0.00225 -0.00204 -0.00183 -0.00161 -0.00141 -0.00123 -0.00108 -0.00094 -0.00084 -0.00076 -0.00072 -0.00070 
-0.00064 -0.00065 -0.00069 -0.00075 -0.00084 -0.00094 -0.00107 -0.00121 -0.00138 -0.00154 -0.00172 -0.00187 -0.00201 -0.00211 -0.00219 -0.00221 -0.00219 -0.00211 -0.00201 -0.00187 -0.00172 -0.00154 -0.00138 -0.00121 -0.00107 -0.00094 -0.00084 -0.00075 -0.00069 -0.00065 -0.00064 
-0.00058 -0.00059 -0.00062 -0.00068 -0.00075 -0.00084 -0.00094 -0.00107 -0.00120 -0.00134 -0.00146 -0.00160 -0.00170 -0.00179 -0.00183 -0.00186 -0.00183 -0.00179 -0.00170 -0.00160 -0.00146 -0.00134 -0.00120 -0.00107 -0.00094 -0.00084 -0.00075 -0.00068 -0.00062 -0.00059 -0.00058 
-0.00054 -0.00055 -0.00058 -0.00062 -0.00069 -0.00076 -0.00086 -0.00096 -0.00108 -0.00118 -0.00130 -0.00140 -0.00149 -0.00155 -0.00160 -0.00161 -0.00160 -0.00155 -0.00149 -0.00140 -0.00130 -0.00118 -0.00108 -0.00096 -0.00086 -0.00076 -0.00069 -0.00062 -0.00058 -0.00055 -0.00054 
-0.00051 -0.00053 -0.00055 -0.00059 -0.00065 -0.00072 -0.00080 -0.00090 -0.00100 -0.00110 -0.00120 -0.00129 -0.00136 -0.00143 -0.00146 -0.00148 -0.00146 -0.00143 -0.00136 -0.00129 -0.00120 -0.00110 -0.00100 -0.00090 -0.00080 -0.00072 -0.00065 -0.00059 -0.00055 -0.00053 -0.00051 
-0.00051 -0.00051 -0.00054 -0.00058 -0.00064 -0.00070 -0.00079 -0.00088 -0.00098 -0.00107 -0.00117 -0.00125 -0.00133 -0.00138 -0.00142 -0.00143 -0.00142 -0.00138 -0.00133 -0.00125 -0.00117 -0.00107 -0.00098 -0.00088 -0.00079 -0.00070 -0.00064 -0.00058 -0.00054 -0.00051 -0.00051 
--------------------z=29--------------------
-0.00023 -0.00023 -0.00024 -0.00026 -0.00027 -0.00030 -0.00032 -0.00035 -0.00038 -0.00041 -0.00044 -0.00047 -0.00049 -0.00051 -0.00051 -0.00052 -0.00051 -0.00051 -0.00049 -0.00047 -0.00044 -0.00041 -0.00038 -0.00035 -0.00032 -0.00030 -0.00027 -0.00026 -0.00024 -0.00023 -0.00023 
-0.00023 -0.00023 -0.00024 -0.00026 -0.00028 -0.00030 -0.00033 -0.00036 -0.00039 -0.00042 -0.00045 -0.00047 -0.00050 -0.00051 -0.00053 -0.00052 -0.00053 -0.00051 -0.00050 -0.00047 -0.00045 -0.00042 -0.00039 -0.00036 -0.00033 -0.00030 -0.00028 -0.00026 -0.00024 -0.00023 -0.00023 
-0.00024 -0.00024 -0.00025 -0.00027 -0.00029 -0.00031 -0.00034 -0.00038 -0.00040 -0.00044 -0.00047 -0.00050 -0.00052 -0.00054 -0.00055 -0.00055 -0.00055 -0.00054 -0.00052 -0.00050 -0.00047 -0.00044 -0.00040 -0.00038 -0.00034 -0.00031 -0.00029 -0.00027 -0.00025 -0.00024 -0.00024 
-0.00026 -0.00026 -0.00027 -0.00028 -0.00031 -0.00033 -0.00037 -0.00040 -0.00044 -0.00047 -0.00051 -0.00053 -0.00056 -0.00058 -0.00059 -0.00059 -0.00059 -0.00058 -0.00056 -0.00053 -0.00051 -0.00047 -0.00044 -0.00040 -0.00037 -0.00033 -0.00031 -0.00028 -0.00027 -0.00026 -0.00026 
-0.00027 -0.00028 -0.00029 -0.00031 -0.00033 -0.00036 -0.00039 -0.00044 -0.00047 -0.00052 -0.00055 -0.00059 -0.00061 -0.00064 -0.00065 -0.00066 -0.00065 -0.00064 -0.00061 -0.00059 -0.00055 -0.00052 -0.00047 -0.00044 -0.00039 -0.00036 -0.00033 -0.00031 -0.00029 -0.00028 -0.00027 
-0.00030 -0.00030 -0.00031 -0.00033 -0.00036 -0.00039 -0.00044 -0.00048 -0.00052 -0.00057 -0.00061 -0.00065 -0.00068 -0.00070 -0.00072 -0.00072 -0.00072 -0.00070 -0.00068 -0.00065 -0.00061 -0.00057 -0.00052 -0.00048 -0.00044 -0.00039 -0.00036 -0.00033 -0.00031 -0.00030 -0.00030 
-0.00032 -0.00033 -0.00034 -0.00037 -0.00039 -0.00044 -0.00048 -0.00053 -0.00058 -0.00063 -0.00068 -0.00073 -0.00076 -0.00079 -0.00080 -0.00081 -0.00080 -0.00079 -0.00076 -0.00073 -0.00068 -0.00063 -0.00058 -0.00053 -0.00048 -0.00044 -0.00039 -0.00037 -0.00034 -0.00033 -0.00032 
-0.00035 -0.00036 -0.00038 -0.00040 -0.00044 -0.00048 -0.00053 -0.00058 -0.00064 -0.00070 -0.00076 -0.00080 -0.00085 -0.00088 -0.00090 -0.00090 -0.00090 -0.00088 -0.00085 -0.00080 -0.00076 -0.00070 -0.00064 -0.00058 -0.00053 -0.00048 -0.00044 -0.00040 -0.00038 -0.00036 -0.00035 
-0.00038 -0.00039 -0.00040 -0.00044 -0.00047 -0.00052 -0.00058 -0.00064 -0.00070 -0.00077 -0.00083 -0.00089 -0.00094 -0.00098 -0.00100 -0.00101 -0.00100 -0.00098 -0.00094 -0.00089 -0.00083 -0.00077 -0.00070 -0.00064 -0.00058 -0.00052 -0.00047 -0.00044 -0.00040 -0.00039 -0.00038 
-0.00041 -0.00042 -0.00044 -0.00047 -0.00052 -0.00057 -0.00063 -0.00070 -0.00077 -0.00084 -0.00092 -0.00098 -0.00104 -0.00107 -0.00110 -0.00111 -0.00110 -0.00107 -0.00104 -0.00098 -0.00092 -0.00084 -0.00077 -0.00070 -0.00063 -0.00057 -0.00052 -0.00047 -0.00044 -0.00042 -0.00041 
-0.00044 -0.00045 -0.00047 -0.00051 -0.00055 -0.00061 -0.00068 -0.00076 -0.00083 -0.00092 -0.00099 -0.00107 -0.00112 -0.00117 -0.00120 -0.00121 -0.00120 -0.00117 -0.00112 -0.00107 -0.00099 -0.00092 -0.00083 -0.00076 -0.00068 -0.00061 -0.00055 -0.00051 -0.00047 -0.00045 -0.00044 
-0.00047 -0.00047 -0.00050 -0.00053 -0.00059 -0.00065 -0.00073 -0.00080 -0.00089 -0.00098 -0.00107 -0.00114 -0.00121 -0.00125 -0.00129 -0.00130 -0.00129 -0.00125 -0.00121 -0.00114 -0.00107 -0.00098 -0.00089 -0.00080 -0.00073 -0.00065 -0.00059 -0.00053 -0.00050 -0.00047 -0.00047 
-0.00049 -0.00050 -0.00052 -0.00056 -0.00061 -0.00068 -0.00076 -0.00085 -0.00094 -0.00104 -0.00112 -0.00121 -0.00127 -0.00134 -0.00136 -0.00138 -0.00136 -0.00134 -0.00127 -0.00121 -0.00112 -0.00104 -0.00094 -0.00085 -0.00076 -0.00068 -0.00061 -0.00056 -0.00052 -0.00050 -0.00049 
-0.00051 -0.00051 -0.00054 -0.00058 -0.00064 -0.00070 -0.00079 -0.00088 -0.00098 -0.00107 -0.00117 -0.00125 -0.00134 -0.00139 -0.00143 -0.00143 -0.00143 -0.00139 -0.00134 -0.00125 -0.00117 -0.00107 -0.00098 -0.00088 -0.00079 -0.00070 -0.00064 -0.00058 -0.00054 -0.00051 -0.00051 
-0.00051 -0.00053 -0.00055 -0.00059 -0.00065 -0.00072 -0.00080 -0.00090 -0.00100 -0.00110 -0.00120 -0.00129 -0.00136 -0.00143 -0.00146 -0.00148 -0.00146 -0.00143 -0.00136 -0.00129 -0.00120 -0.00110 -0.00100 -0.00090 -0.00080 -0.00072 -0.00065 -0.00059 -0.00055 -0.00053 -0.00051 
-0.00052 -0.00052 -0.00055 -0.00059 -0.00066 -0.00072 -0.00081 -0.00090 -0.00101 -0.00111 -0.00121 -0.00130 -0.00138 -0.00143 -0.00148 -0.00148 -0.00148 -0.00143 -0.00138 -0.00130 -0.00121 -0.00111 -0.00101 -0.00090 -0.00081 -0.00072 -0.00066 -0.00059 -0.00055 -0.00052 -0.00052 
-0.00051 -0.00053 -0.00055 -0.00059 -0.00065 -0.00072 -0.00080 -0.00090 -0.00100 -0.00110 -0.00120 -0.00129 -0.00136 -0.00143 -0.00146 -0.00148 -0.00146 -0.00143 -0.00136 -0.00129 -0.00120 -0.00110 -0.00100 -0.00090 -0.00080 -0.00072 -0.00065 -0.00059 -0.00055 -0.00053 -0.00051 
-0.00051 -0.00051 -0.00054 -0.00058 -0.00064 -0.00070 -0.00079 -0.00088 -0.00098 -0.00107 -0.00117 -0.00125 -0.00134 -0.00139 -0.00143 -0.00143 -0.00143 -0.00139 -0.00134 -0.00125 -0.00117 -0.00107 -0.00098 -0.00088 -0.00079 -0.00070 -0.00064 -0.00058 -0.00054 -0.00051 -0.00051 
-0.00049 -0.00050 -0.00052 -0.00056 -0.00061 -0.00068 -0.00076 -0.00085 -0.00094 -0.00104 -0.00112 -0.00121 -0.00127 -0.00134 -0.00136 -0.00138 -0.00136 -0.00134 -0.00127 -0.00121 -0.00112 -0.00104 -0.00094 -0.00085 -0.00076 -0.00068 -0.00061 -0.00056 -0.00052 -0.00050 -0.00049 
-0.00047 -0.00047 -0.00050 -0.00053 -0.00059 -0.00065 -0.00073 -0.00080 -0.00089 -0.00098 -0.00107 -0.00114 -0.00121 -0.00125 -0.00129 -0.00130 -0.00129 -0.00125 -0.00121 -0.00114 -0.00107 -0.00098 -0.00089 -0.00080 -0.00073 -0.00065 -0.00059 -0.00053 -0.00050 -0.00047 -0.00047 
-0.00044 -0.00045 -0.00047 -0.00051 -0.00055 -0.00061 -0.00068 -0.00076 -0.00083 -0.00092 -0.00099 -0.00107 -0.00112 -0.00117 -0.00120 -0.00121 -0.00120 -0.00117 -0.00112 -0.00107 -0.00099 -0.00092 -0.00083 -0.00076 -0.00068 -0.00061 -0.00055 -0.00051 -0.00047 -0.00045 -0.00044 
-0.00041 -0.00042 -0.00044 -0.00047 -0.00052 -0.00057 -0.00063 -0.00070 -0.00077 -0.00084 -0.00092 -0.00098 -0.00104 -0.00107 -0.00110 -0.00111 -0.00110 -0.00107 -0.00104 -0.00098 -0.00092 -0.00084 -0.00077 -0.00070 -0.00063 -0.00057 -0.00052 -0.00047 -0.00044 -0.00042 -0.00041 
-0.00038 -0.00039 -0.00040 -0.00044 -0.00047 -0.00052 -0.00058 -0.00064 -0.00070 -0.00077 -0.00083 -0.00089 -0.00094 -0.00098 -0.00100 -0.00101 -0.00100 -0.00098 -0.00094 -0.00089 -0.00083 -0.00077 -0.00070 -0.00064 -0.00058 -0.00052 -0.00047 -0.00044 -0.00040 -0.00039 -0.00038 
-0.00035 -0.00036 -0.00038 -0.00040 -0.00044 -0.00048 -0.00053 -0.00058 -0.00064 -0.00070 -0.00076 -0.00080 -0.00085 -0.00088 -0.00090 -0.00090 -0.00090 -0.00088 -0.00085 -0.00080 -0.00076 -0.00070 -0.00064 -0.00058 -0.00053 -0.00048 -0.00044 -0.00040 -0.00038 -0.00036 -0.00035 
-0.00032 -0.00033 -0.00034 -0.00037 -0.00039 -0.00044 -0.00048 -0.00053 -0.00058 -0.00063 -0.00068 -0.00073 -0.00076 -0.00079 -0.00080 -0.00081 -0.00080 -0.00079 -0.00076 -0.00073 -0.00068 -0.00063 -0.00058 -0.00053 -0.00048 -0.00044 -0.00039 -0.00037 -0.00034 -0.00033 -0.00032 
-0.00030 -0.00030 -0.00031 -0.00033 -0.00036 -0.00039 -0.00044 -0.00048 -0.00052 -0.00057 -0.00061 -0.00065 -0.00068 -0.00070 -0.00072 -0.00072 -0.00072 -0.00070 -0.00068 -0.00065 -0.00061 -0.00057 -0.00052 -0.00048 -0.00044 -0.00039 -0.00036 -0.00033 -0.00031 -0.00030 -0.00030 
-0.00027 -0.00028 -0.00029 -0.00031 -0.00033 -0.00036 -0.00039 -0.00044 -0.00047 -0.00052 -0.00055 -0.00059 -0.00061 -0.00064 -0.00065 -0.00066 -0.00065 -0.00064 -0.00061 -0.00059 -0.00055 -0.00052 -0.00047 -0.00044 -0.00039 -0.00036 -0.00033 -0.00031 -0.00029 -0.00028 -0.00027 
-0.00026 -0.00026 -0.00027 -0.00028 -0.00031 -0.00033 -0.00037 -0.00040 -0.00044 -0.00047 -0.00051 -0.00053 -0.00056 -0.00058 -0.00059 -0.00059 -0.00059 -0.00058 -0.00056 -0.00053 -0.00051 -0.00047 -0.00044 -0.00040 -0.00037 -0.00033 -0.00031 -0.00028 -0.00027 -0.00026 -0.00026 
-0.00024 -0.00024 -0.00025 -0.00027 -0.00029 -0.00031 -0.00034 -0.00038 -0.00040 -0.00044 -0.00047 -0.00050 -0.00052 -0.00054 -0.00055 -0.00055 -0.00055 -0.00054 -0.00052 -0.00050 -0.00047 -0.00044 -0.00040 -0.00038 -0.00034 -0.00031 -0.00029 -0.00027 -0.00025 -0.00024 -0.00024 
-0.00023 -0.00023 -0.00024 -0.00026 -0.00028 -0.00030 -0.00033 -0.00036 -0.00039 -0.00042 -0.00045 -0.00047 -0.00050 -0.00051 -0.00053 -0.00052 -0.00053 -0.00051 -0.00050 -0.00047 -0.00045 -0.00042 -0.00039 -0.00036 -0.00033 -0.00030 -0.00028 -0.00026 -0.00024 -0.00023 -0.00023 
-0.00023 -0.00023 -0.00024 -0.00026 -0.00027 -0.00030 -0.00032 -0.00035 -0.00038 -0.00041 -0.00044 -0.00047 -0.00049 -0.00051 -0.00051 -0.00052 -0.00051 -0.00051 -0.00049 -0.00047 -0.00044 -0.00041 -0.00038 -0.00035 -0.00032 -0.00030 -0.00027 -0.00026 -0.00024 -0.00023 -0.00023 
--------------------z=30--------------------
-0.00023 -0.00023 -0.00024 -0.00025 -0.00027 -0.00029 -0.00032 -0.00035 -0.00038 -0.00040 -0.00044 -0.00046 -0.00048 -0.00049 -0.00051 -0.00051 -0.00051 -0.00049 -0.00048 -0.00046 -0.00044 -0.00040 -0.00038 -0.00035 -0.00032 -0.00029 -0.00027 -0.00025 -0.00024 -0.00023 -0.00023 
-0.00023 -0.00023 -0.00024 -0.00026 -0.00027 -0.00030 -0.00032 -0.00035 -0.00038 -0.00041 -0.00044 -0.00047 -0.00049 -0.00051 -0.00051 -0.00052 -0.00051 -0.00051 -0.00049 -0.00047 -0.00044 -0.00041 -0.00038 -0.00035 -0.00032 -0.00030 -0.00027 -0.00026 -0.00024 -0.00023 -0.00023 
-0.00024 -0.00024 -0.00025 -0.00026 -0.00029 -0.00031 -0.00034 -0.00037 -0.00040 -0.00043 -0.00046 -0.00049 -0.00051 -0.00053 -0.00054 -0.00054 -0.00054 -0.00053 -0.00051 -0.00049 -0.00046 -0.00043 -0.00040 -0.00037 -0.00034 -0.00031 -0.00029 -0.00026 -0.00025 -0.00024 -0.00024 
-0.00025 -0.00026 -0.00026 -0.00028 -0.00030 -0.00033 -0.00036 -0.00039 -0.00043 -0.00046 -0.00049 -0.00053 -0.00055 -0.00057 -0.00058 -0.00059 -0.00058 -0.00057 -0.00055 -0.00053 -0.00049 -0.00046 -0.00043 -0.00039 -0.00036 -0.00033 -0.00030 -0.00028 -0.00026 -0.00026 -0.00025 
-0.00027 -0.00027 -0.00029 -0.00030 -0.00033 -0.00035 -0.00039 -0.00043 -0.00047 -0.00050 -0.00054 -0.00057 -0.00061 -0.00062 -0.00064 -0.00064 -0.00064 -0.00062 -0.00061 -0.00057 -0.00054 -0.00050 -0.00047 -0.00043 -0.00039 -0.00035 -0.00033 -0.00030 -0.00029 -0.00027 -0.00027 
-0.00029 -0.00030 -0.00031 -0.00033 -0.00035 -0.00039 -0.00043 -0.00047 -0.00051 -0.00056 -0.00060 -0.00064 -0.00067 -0.00069 -0.00070 -0.00071 -0.00070 -0.00069 -0.00067 -0.00064 -0.00060 -0.00056 -0.00051 -0.00047 -0.00043 -0.00039 -0.00035 -0.00033 -0.00031 -0.00030 -0.00029 
-0.00032 -0.00032 -0.00034 -0.00036 -0.00039 -0.00043 -0.00047 -0.00052 -0.00057 -0.00061 -0.00067 -0.00071 -0.00075 -0.00077 -0.00079 -0.00079 -0.00079 -0.00077 -0.00075 -0.00071 -0.00067 -0.00061 -0.00057 -0.00052 -0.00047 -0.00043 -0.00039 -0.00036 -0.00034 -0.00032 -0.00032 
-0.00035 -0.00035 -0.00037 -0.00039 -0.00043 -0.00047 -0.00052 -0.00057 -0.00063 -0.00069 -0.00074 -0.00079 -0.00083 -0.00086 -0.00088 -0.00089 -0.00088 -0.00086 -0.00083 -0.00079 -0.00074 -0.00069 -0.00063 -0.00057 -0.00052 -0.00047 -0.00043 -0.00039 -0.00037 -0.00035 -0.00035 
-0.00038 -0.00038 -0.00040 -0.00043 -0.00047 -0.00051 -0.00057 -0.00063 -0.00069 -0.00075 -0.00082 -0.00087 -0.00092 -0.00095 -0.00098 -0.00098 -0.00098 -0.00095 -0.00092 -0.00087 -0.00082 -0.00075 -0.00069 -0.00063 -0.00057 -0.00051 -0.00047 -0.00043 -0.00040 -0.00038 -0.00038 
-0.00040 -0.00041 -0.00043 -0.00046 -0.00050 -0.00056 -0.00061 -0.00069 -0.00075 -0.00083 -0.00089 -0.00096 -0.00100 -0.00105 -0.00107 -0.00108 -0.00107 -0.00105 -0.00100 -0.00096 -0.00089 -0.00083 -0.00075 -0.00069 -0.00061 -0.00056 -0.00050 -0.00046 -0.00043 -0.00041 -0.00040 
-0.00044 -0.00044 -0.00046 -0.00049 -0.00054 -0.00060 -0.00067 -0.00074 -0.00082 -0.00089 -0.00097 -0.00103 -0.00110 -0.00114 -0.00117 -0.00117 -0.00117 -0.00114 -0.00110 -0.00103 -0.00097 -0.00089 -0.00082 -0.00074 -0.00067 -0.00060 -0.00054 -0.00049 -0.00046 -0.00044 -0.00044 
-0.00046 -0.00047 -0.00049 -0.00053 -0.00057 -0.00064 -0.00071 -0.00079 -0.00087 -0.00096 -0.00103 -0.00111 -0.00117 -0.00123 -0.00125 -0.00127 -0.00125 -0.00123 -0.00117 -0.00111 -0.00103 -0.00096 -0.00087 -0.00079 -0.00071 -0.00064 -0.00057 -0.00053 -0.00049 -0.00047 -0.00046 
-0.00048 -0.00049 -0.00051 -0.00055 -0.00061 -0.00067 -0.00075 -0.00083 -0.00092 -0.00100 -0.00110 -0.00117 -0.00125 -0.00129 -0.00133 -0.00133 -0.00133 -0.00129 -0.00125 -0.00117 -0.00110 -0.00100 -0.00092 -0.00083 -0.00075 -0.00067 -0.00061 -0.00055 -0.00051 -0.00049 -0.00048 
-0.00049 -0.00051 -0.00053 -0.00057 -0.00062 -0.00069 -0.00077 -0.00086 -0.00095 -0.00105 -0.00114 -0.00123 -0.00129 -0.00135 -0.00138 -0.00140 -0.00138 -0.00135 -0.00129 -0.00123 -0.00114 -0.00105 -0.00095 -0.00086 -0.00077 -0.00069 -0.00062 -0.00057 -0.00053 -0.00051 -0.00049 
-0.00051 -0.00051 -0.00054 -0.00058 -0.00064 -0.00070 -0.00079 -0.00088 -0.00098 -0.00107 -0.00117 -0.00125 -0.00133 -0.00138 -0.00142 -0.00143 -0.00142 -0.00138 -0.00133 -0.00125 -0.00117 -0.00107 -0.00098 -0.00088 -0.00079 -0.00070 -0.00064 -0.00058 -0.00054 -0.00051 -0.00051 
-0.00051 -0.00052 -0.00054 -0.00059 -0.00064 -0.00071 -0.00079 -0.00089 -0.00098 -0.00108 -0.00117 -0.00127 -0.00133 -0.00140 -0.00143 -0.00145 -0.00143 -0.00140 -0.00133 -0.00127 -0.00117 -0.00108 -0.00098 -0.00089 -0.00079 -0.00071 -0.00064 -0.00059 -0.00054 -0.00052 -0.00051 
-0.00051 -0.00051 -0.00054 -0.00058 -0.00064 -0.00070 -0.00079 -0.00088 -0.00098 -0.00107 -0.00117 -0.00125 -0.00133 -0.00138 -0.00142 -0.00143 -0.00142 -0.00138 -0.00133 -0.00125 -0.00117 -0.00107 -0.00098 -0.00088 -0.00079 -0.00070 -0.00064 -0.00058 -0.00054 -0.00051 -0.00051 
-0.00049 -0.00051 -0.00053 -0.00057 -0.00062 -0.00069 -0.00077 -0.00086 -0.00095 -0.00105 -0.00114 -0.00123 -0.00129 -0.00135 -0.00138 -0.00140 -0.00138 -0.00135 -0.00129 -0.00123 -0.00114 -0.00105 -0.00095 -0.00086 -0.00077 -0.00069 -0.00062 -0.00057 -0.00053 -0.00051 -0.00049 
-0.00048 -0.00049 -0.00051 -0.00055 -0.00061 -0.00067 -0.00075 -0.00083 -0.00092 -0.00100 -0.00110 -0.00117 -0.00125 -0.00129 -0.00133 -0.00133 -0.00133 -0.00129 -0.00125 -0.00117 -0.00110 -0.00100 -0.00092 -0.00083 -0.00075 -0.00067 -0.00061 -0.00055 -0.00051 -0.00049 -0.00048 
-0.00046 -0.00047 -0.00049 -0.00053 -0.00057 -0.00064 -0.00071 -0.00079 -0.00087 -0.00096 -0.00103 -0.00111 -0.00117 -0.00123 -0.00125 -0.00127 -0.00125 -0.00123 -0.00117 -0.00111 -0.00103 -0.00096 -0.00087 -0.00079 -0.00071 -0.00064 -0.00057 -0.00053 -0.00049 -0.00047 -0.00046 
-0.00044 -0.00044 -0.00046 -0.00049 -0.00054 -0.00060 -0.00067 -0.00074 -0.00082 -0.00089 -0.00097 -0.00103 -0.00110 -0.00114 -0.00117 -0.00117 -0.00117 -0.00114 -0.00110 -0.00103 -0.00097 -0.00089 -0.00082 -0.00074 -0.00067 -0.00060 -0.00054 -0.00049 -0.00046 -0.00044 -0.00044 
-0.00040 -0.00041 -0.00043 -0.00046 -0.00050 -0.00056 -0.00061 -0.00069 -0.00075 -0.00083 -0.00089 -0.00096 -0.00100 -0.00105 -0.00107 -0.00108 -0.00107 -0.00105 -0.00100 -0.00096 -0.00089 -0.00083 -0.00075 -0.00069 -0.00061 -0.00056 -0.00050 -0.00046 -0.00043 -0.00041 -0.00040 
-0.00038 -0.00038 -0.00040 -0.00043 -0.00047 -0.00051 -0.00057 -0.00063 -0.00069 -0.00075 -0.00082 -0.00087 -0.00092 -0.00095 -0.00098 -0.00098 -0.00098 -0.00095 -0.00092 -0.00087 -0.00082 -0.00075 -0.00069 -0.00063 -0.00057 -0.00051 -0.00047 -0.00043 -0.00040 -0.00038 -0.00038 
-0.00035 -0.00035 -0.00037 -0.00039 -0.00043 -0.00047 -0.00052 -0.00057 -0.00063 -0.00069 -0.00074 -0.00079 -0.00083 -0.00086 -0.00088 -0.00089 -0.00088 -0.00086 -0.00083 -0.00079 -0.00074 -0.00069 -0.00063 -0.00057 -0.00052 -0.00047 -0.00043 -0.00039 -0.00037 -0.00035 -0.00035 
-0.00032 -0.00032 -0.00034 -0.00036 -0.00039 -0.00043 -0.00047 -0.00052 -0.00057 -0.00061 -0.00067 -0.00071 -0.00075 -0.00077 -0.00079 -0.00079 -0.00079 -0.00077 -0.00075 -0.00071 -0.00067 -0.00061 -0.00057 -0.00052 -0.00047 -0.00043 -0.00039 -0.00036 -0.00034 -0.00032 -0.00032 
-0.00029 -0.00030 -0.00031 -0.00033 -0.00035 -0.00039 -0.00043 -0.00047 -0.00051 -0.00056 -0.00060 -0.00064 -0.00067 -0.00069 -0.00070 -0.00071 -0.00070 -0.00069 -0.00067 -0.00064 -0.00060 -0.00056 -0.00051 -0.00047 -0.00043 -0.00039 -0.00035 -0.00033 -0.00031 -0.00030 -0.00029 
-0.00027 -0.00027 -0.00029 -0.00030 -0.00033 -0.00035 -0.00039 -0.00043 -0.00047 -0.00050 -0.00054 -0.00057 -0.00061 -0.00062 -0.00064 -0.00064 -0.00064 -0.00062 -0.00061 -0.00057 -0.00054 -0.00050 -0.00047 -0.00043 -0.00039 -0.00035 -0.00033 -0.00030 -0.00029 -0.00027 -0.00027 
-0.00025 -0.00026 -0.00026 -0.00028 -0.00030 -0.00033 -0.00036 -0.00039 -0.00043 -0.00046 -0.00049 -0.00053 -0.00055 -0.00057 -0.00058 -0.00059 -0.00058 -0.00057 -0.00055 -0.00053 -0.00049 -0.00046 -0.00043 -0.00039 -0.00036 -0.00033 -0.00030 -0.00028 -0.00026 -0.00026 -0.00025 
-0.00024 -0.00024 -0.00025 -0.00026 -0.00029 -0.00031 -0.00034 -0.00037 -0.00040 -0.00043 -0.00046 -0.00049 -0.00051 -0.00053 -0.00054 -0.00054 -0.00054 -0.00053 -0.00051 -0.00049 -0.00046 -0.00043 -0.00040 -0.00037 -0.00034 -0.00031 -0.00029 -0.00026 -0.00025 -0.00024 -0.00024 
-0.00023 -0.00023 -0.00024 -0.00026 -0.00027 -0.00030 -0.00032 -0.00035 -0.00038 -0.00041 -0.00044 -0.00047 -0.00049 -0.00051 -0.00051 -0.00052 -0.00051 -0.00051 -0.00049 -0.00047 -0.00044 -0.00041 -0.00038 -0.00035 -0.00032 -0.00030 -0.00027 -0.00026 -0.00024 -0.00023 -0.00023 
-0.00023 -0.00023 -0.00024 -0.00025 -0.00027 -0.00029 -0.00032 -0.00035 -0.00038 -0.00040 -0.00044 -0.00046 -0.00048 -0.00049 -0.00051 -0.00051 -0.00051 -0.00049 -0.00048 -0.00046 -0.00044 -0.00040 -0.00038 -0.00035 -0.00032 -0.00029 -0.00027 -0.00025 -0.00024 -0.00023 -0.00023 
